5.01436 7109.000
5.03107 7054.000
5.04778 7158.000
5.06449 7211.000
5.08120 7009.000
5.09791 7206.000
5.11462 7104.000
5.13133 7152.000
5.14805 6972.000
5.16476 6885.000
5.18147 6936.000
5.19818 6780.000
5.21489 6786.000
5.23160 6939.000
5.24831 6806.000
5.26502 6873.000
5.28174 6906.000
5.29845 6628.000
5.31516 6693.000
5.33187 6838.000
5.34858 6696.000
5.36529 6711.000
5.38200 6591.000
5.39871 6576.000
5.41543 6509.000
5.43214 6711.000
5.44885 6659.000
5.46556 6417.000
5.48227 6416.000
5.49898 6527.000
5.51569 6496.000
5.53241 6515.000
5.54912 6469.000
5.56583 6395.000
5.58254 6459.000
5.59925 6274.000
5.61596 6156.000
5.63267 6377.000
5.64938 6383.000
5.66610 6366.000
5.68281 6104.000
5.69952 6249.000
5.71623 6282.000
5.73294 6070.000
5.74965 6117.000
5.76636 6198.000
5.78307 6046.000
5.79979 6216.000
5.81650 6200.000
5.83321 6030.000
5.84992 6067.000
5.86663 6116.000
5.88334 6090.000
5.90005 6132.000
5.91676 6001.000
5.93348 5816.000
5.95019 5999.000
5.96690 5960.000
5.98361 6043.000
6.00032 5867.000
6.01703 5830.000
6.03374 5893.000
6.05045 5953.000
6.06717 5927.000
6.08388 5814.000
6.10059 5913.000
6.11730 5805.000
6.13401 5574.000
6.15072 5768.000
6.16743 5753.000
6.18414 5850.000
6.20086 5759.000
6.21757 5704.000
6.23428 5655.000
6.25099 5744.000
6.26770 5704.000
6.28441 5716.000
6.30112 5613.000
6.31783 5605.000
6.33455 5514.000
6.35126 5503.000
6.36797 5588.000
6.38468 5533.000
6.40139 5530.000
6.41810 5545.000
6.43481 5550.000
6.45152 5477.000
6.46824 5402.000
6.48495 5497.000
6.50166 5450.000
6.51837 5443.000
6.53508 5427.000
6.55179 5342.000
6.56850 5408.000
6.58522 5318.000
6.60193 5433.000
6.61864 5343.000
6.63535 5359.000
6.65206 5233.000
6.66877 5269.000
6.68548 5333.000
6.70219 5327.000
6.71891 5201.000
6.73562 5361.000
6.75233 5283.000
6.76904 5303.000
6.78575 5224.000
6.80246 5248.000
6.81917 5128.000
6.83588 5174.000
6.85260 5150.000
6.86931 5128.000
6.88602 5185.000
6.90273 5067.000
6.91944 5202.000
6.93615 5109.000
6.95286 5119.000
6.96957 5020.000
6.98629 4958.000
7.00300 5041.000
7.01971 4907.000
7.03642 5012.000
7.05313 4990.000
7.06984 5072.000
7.08655 4992.000
7.10326 5051.000
7.11998 4896.000
7.13669 5033.000
7.15340 4992.000
7.17011 5015.000
7.18682 4940.000
7.20353 4883.000
7.22024 4871.000
7.23695 5095.000
7.25367 4840.000
7.27038 4940.000
7.28709 4784.000
7.30380 4904.000
7.32051 4781.000
7.33722 4792.000
7.35393 4815.000
7.37064 4718.000
7.38736 4874.000
7.40407 4904.000
7.42078 4672.000
7.43749 4865.000
7.45420 4823.000
7.47091 4941.000
7.48762 4704.000
7.50433 4743.000
7.52105 4696.000
7.53776 4626.000
7.55447 4826.000
7.57118 4692.000
7.58789 4799.000
7.60460 4672.000
7.62131 4911.000
7.63803 4645.000
7.65474 4713.000
7.67145 4651.000
7.68816 4534.000
7.70487 4707.000
7.72158 4634.000
7.73829 4657.000
7.75500 4543.000
7.77172 4675.000
7.78843 4515.000
7.80514 4686.000
7.82185 4630.000
7.83856 4694.000
7.85527 4602.000
7.87198 4610.000
7.88869 4605.000
7.90541 4651.000
7.92212 4560.000
7.93883 4592.000
7.95554 4664.000
7.97225 4659.000
7.98896 4585.000
8.00567 4460.000
8.02238 4578.000
8.03910 4424.000
8.05581 4493.000
8.07252 4508.000
8.08923 4436.000
8.10594 4543.000
8.12265 4592.000
8.13936 4633.000
8.15607 4534.000
8.17279 4402.000
8.18950 4474.000
8.20621 4531.000
8.22292 4351.000
8.23963 4422.000
8.25634 4450.000
8.27305 4362.000
8.28976 4384.000
8.30648 4340.000
8.32319 4251.000
8.33990 4413.000
8.35661 4318.000
8.37332 4324.000
8.39003 4423.000
8.40674 4349.000
8.42345 4277.000
8.44017 4339.000
8.45688 4262.000
8.47359 4252.000
8.49030 4290.000
8.50701 4334.000
8.52372 4219.000
8.54043 4375.000
8.55714 4282.000
8.57386 4284.000
8.59057 4342.000
8.60728 4308.000
8.62399 4303.000
8.64070 4238.000
8.65741 4317.000
8.67412 4191.000
8.69084 4278.000
8.70755 4262.000
8.72426 4185.000
8.74097 4266.000
8.75768 4236.000
8.77439 4256.000
8.79110 4224.000
8.80781 4093.000
8.82453 4207.000
8.84124 4190.000
8.85795 4123.000
8.87466 4225.000
8.89137 4117.000
8.90808 4101.000
8.92479 4273.000
8.94150 4118.000
8.95822 4132.000
8.97493 4225.000
8.99164 4115.000
9.00835 4205.000
9.02506 4072.000
9.04177 4210.000
9.05848 4260.000
9.07519 4036.000
9.09191 4060.000
9.10862 4122.000
9.12533 4090.000
9.14204 4197.000
9.15875 3888.000
9.17546 4153.000
9.19217 4042.000
9.20888 3955.000
9.22560 4046.000
9.24231 4079.000
9.25902 4035.000
9.27573 4044.000
9.29244 3946.000
9.30915 3931.000
9.32586 4140.000
9.34257 3950.000
9.35929 4096.000
9.37600 3987.000
9.39271 3915.000
9.40942 4007.000
9.42613 3928.000
9.44284 3905.000
9.45955 3963.000
9.47626 3872.000
9.49298 3902.000
9.50969 3906.000
9.52640 3909.000
9.54311 3949.000
9.55982 3964.000
9.57653 3903.000
9.59324 3878.000
9.60995 3894.000
9.62667 3903.000
9.64338 3886.000
9.66009 4001.000
9.67680 3970.000
9.69351 3970.000
9.71022 3933.000
9.72693 3974.000
9.74365 3853.000
9.76036 3840.000
9.77707 3859.000
9.79378 3818.000
9.81049 4036.000
9.82720 3955.000
9.84391 3846.000
9.86062 3863.000
9.87734 3851.000
9.89405 3840.000
9.91076 3765.000
9.92747 3848.000
9.94418 3848.000
9.96089 3961.000
9.97760 3831.000
9.99431 3806.000
10.01103 3747.000
10.02774 3870.000
10.04445 3718.000
10.06116 3828.000
10.07787 3765.000
10.09458 3750.000
10.11129 3803.000
10.12800 3735.000
10.14472 3658.000
10.16143 3778.000
10.17814 3699.000
10.19485 3855.000
10.21156 3860.000
10.22827 3691.000
10.24498 3868.000
10.26169 3794.000
10.27841 3711.000
10.29512 3683.000
10.31183 3674.000
10.32854 3758.000
10.34525 3704.000
10.36196 3696.000
10.37867 3582.000
10.39538 3749.000
10.41210 3687.000
10.42881 3717.000
10.44552 3774.000
10.46223 3761.000
10.47894 3618.000
10.49565 3692.000
10.51236 3704.000
10.52907 3650.000
10.54579 3610.000
10.56250 3708.000
10.57921 3661.000
10.59592 3755.000
10.61263 3750.000
10.62934 3642.000
10.64605 3682.000
10.66276 3663.000
10.67948 3634.000
10.69619 3560.000
10.71290 3547.000
10.72961 3635.000
10.74632 3610.000
10.76303 3628.000
10.77974 3723.000
10.79646 3632.000
10.81317 3593.000
10.82988 3631.000
10.84659 3660.000
10.86330 3612.000
10.88001 3690.000
10.89672 3668.000
10.91343 3532.000
10.93015 3633.000
10.94686 3545.000
10.96357 3523.000
10.98028 3481.000
10.99699 3533.000
11.01370 3530.000
11.03041 3570.000
11.04712 3539.000
11.06384 3591.000
11.08055 3535.000
11.09726 3548.000
11.11397 3550.000
11.13068 3503.000
11.14739 3552.000
11.16410 3655.000
11.18081 3606.000
11.19753 3532.000
11.21424 3528.000
11.23095 3476.000
11.24766 3509.000
11.26437 3526.000
11.28108 3476.000
11.29779 3514.000
11.31450 3617.000
11.33122 3603.000
11.34793 3517.000
11.36464 3507.000
11.38135 3500.000
11.39806 3541.000
11.41477 3646.000
11.43148 3424.000
11.44819 3568.000
11.46491 3545.000
11.48162 3473.000
11.49833 3547.000
11.51504 3470.000
11.53175 3576.000
11.54846 3548.000
11.56517 3462.000
11.58188 3522.000
11.59860 3448.000
11.61531 3513.000
11.63202 3498.000
11.64873 3388.000
11.66544 3368.000
11.68215 3449.000
11.69886 3534.000
11.71557 3497.000
11.73229 3404.000
11.74900 3423.000
11.76571 3416.000
11.78242 3456.000
11.79913 3480.000
11.81584 3417.000
11.83255 3490.000
11.84927 3599.000
11.86598 3377.000
11.88269 3462.000
11.89940 3375.000
11.91611 3417.000
11.93282 3427.000
11.94953 3488.000
11.96624 3402.000
11.98296 3366.000
11.99967 3381.000
12.01638 3443.000
12.03309 3371.000
12.04980 3291.000
12.06651 3348.000
12.08322 3422.000
12.09993 3406.000
12.11665 3385.000
12.13336 3618.000
12.15007 3401.000
12.16678 3461.000
12.18349 3447.000
12.20020 3408.000
12.21691 3468.000
12.23362 3337.000
12.25034 3369.000
12.26705 3339.000
12.28376 3410.000
12.30047 3351.000
12.31718 3410.000
12.33389 3464.000
12.35060 3486.000
12.36731 3364.000
12.38403 3421.000
12.40074 3374.000
12.41745 3332.000
12.43416 3382.000
12.45087 3436.000
12.46758 3389.000
12.48429 3350.000
12.50100 3288.000
12.51772 3321.000
12.53443 3249.000
12.55114 3169.000
12.56785 3333.000
12.58456 3380.000
12.60127 3378.000
12.61798 3427.000
12.63469 3305.000
12.65141 3267.000
12.66812 3417.000
12.68483 3339.000
12.70154 3211.000
12.71825 3410.000
12.73496 3226.000
12.75167 3270.000
12.76838 3283.000
12.78510 3244.000
12.80181 3267.000
12.81852 3265.000
12.83523 3307.000
12.85194 3288.000
12.86865 3258.000
12.88536 3202.000
12.90208 3348.000
12.91879 3136.000
12.93550 3138.000
12.95221 3358.000
12.96892 3323.000
12.98563 3270.000
13.00234 3185.000
13.01905 3205.000
13.03577 3322.000
13.05248 3357.000
13.06919 3305.000
13.08590 3194.000
13.10261 3279.000
13.11932 3161.000
13.13603 3179.000
13.15274 3166.000
13.16946 3274.000
13.18617 3300.000
13.20288 3212.000
13.21959 3227.000
13.23630 3253.000
13.25301 3131.000
13.26972 3218.000
13.28643 3157.000
13.30315 3193.000
13.31986 3178.000
13.33657 3236.000
13.35328 3217.000
13.36999 3253.000
13.38670 3299.000
13.40341 3262.000
13.42012 3142.000
13.43684 3237.000
13.45355 3191.000
13.47026 3229.000
13.48697 3206.000
13.50368 3283.000
13.52039 3095.000
13.53710 3109.000
13.55381 3223.000
13.57053 3131.000
13.58724 3080.000
13.60395 3165.000
13.62066 3233.000
13.63737 3201.000
13.65408 3164.000
13.67079 3235.000
13.68750 3184.000
13.70422 3304.000
13.72093 3076.000
13.73764 3192.000
13.75435 3125.000
13.77106 3068.000
13.78777 3161.000
13.80448 3209.000
13.82119 3295.000
13.83791 3238.000
13.85462 3258.000
13.87133 3173.000
13.88804 3240.000
13.90475 3231.000
13.92146 3214.000
13.93817 3119.000
13.95489 3152.000
13.97160 3058.000
13.98831 3204.000
14.00502 3144.000
14.02173 3205.000
14.03844 3092.000
14.05515 3158.000
14.07186 3099.000
14.08858 3206.000
14.10529 3144.000
14.12200 3242.000
14.13871 3119.000
14.15542 3139.000
14.17213 3123.000
14.18884 3171.000
14.20555 3157.000
14.22227 3168.000
14.23898 3122.000
14.25569 3040.000
14.27240 3271.000
14.28911 3156.000
14.30582 3166.000
14.32253 3019.000
14.33924 3147.000
14.35596 3156.000
14.37267 3122.000
14.38938 3192.000
14.40609 3130.000
14.42280 3039.000
14.43951 3166.000
14.45622 3173.000
14.47293 3142.000
14.48965 3112.000
14.50636 3083.000
14.52307 3132.000
14.53978 3101.000
14.55649 3062.000
14.57320 3066.000
14.58991 3070.000
14.60662 3190.000
14.62334 3072.000
14.64005 3123.000
14.65676 3031.000
14.67347 3057.000
14.69018 3109.000
14.70689 3201.000
14.72360 3137.000
14.74031 3178.000
14.75703 3122.000
14.77374 3201.000
14.79045 3078.000
14.80716 3111.000
14.82387 2991.000
14.84058 3120.000
14.85729 2990.000
14.87400 3209.000
14.89072 3026.000
14.90743 3108.000
14.92414 3062.000
14.94085 3072.000
14.95756 3176.000
14.97427 3189.000
14.99098 2969.000
15.00770 3091.000
15.02441 3096.000
15.04112 3083.000
15.05783 3121.000
15.07454 3047.000
15.09125 3106.000
15.10796 3115.000
15.12467 3030.000
15.14139 3083.000
15.15810 3011.000
15.17481 3011.000
15.19152 3011.000
15.20823 2989.000
15.22494 3086.000
15.24165 3114.000
15.25836 3068.000
15.27508 3138.000
15.29179 3073.000
15.30850 3023.000
15.32521 3063.000
15.34192 3230.000
15.35863 3042.000
15.37534 3081.000
15.39205 3106.000
15.40877 3107.000
15.42548 3074.000
15.44219 3145.000
15.45890 3037.000
15.47561 3022.000
15.49232 3009.000
15.50903 3076.000
15.52574 3068.000
15.54246 3017.000
15.55917 3000.000
15.57588 2887.000
15.59259 3078.000
15.60930 3137.000
15.62601 3066.000
15.64272 2992.000
15.65943 3033.000
15.67615 3028.000
15.69286 3099.000
15.70957 3023.000
15.72628 2916.000
15.74299 3006.000
15.75970 3140.000
15.77641 3129.000
15.79312 3152.000
15.80984 3029.000
15.82655 3057.000
15.84326 3012.000
15.85997 2951.000
15.87668 2977.000
15.89339 3016.000
15.91010 2955.000
15.92681 3120.000
15.94353 3054.000
15.96024 3015.000
15.97695 3006.000
15.99366 2986.000
16.01037 3019.000
16.02708 2978.000
16.04379 3068.000
16.06051 3106.000
16.07722 3030.000
16.09393 2996.000
16.11064 2903.000
16.12735 3057.000
16.14406 2956.000
16.16077 2932.000
16.17748 3014.000
16.19420 2997.000
16.21091 3028.000
16.22762 2917.000
16.24433 3014.000
16.26104 3003.000
16.27775 2993.000
16.29446 3047.000
16.31117 3023.000
16.32789 3037.000
16.34460 2943.000
16.36131 2956.000
16.37802 2972.000
16.39473 3037.000
16.41144 2962.000
16.42815 3050.000
16.44486 3040.000
16.46158 2944.000
16.47829 3120.000
16.49500 2946.000
16.51171 3021.000
16.52842 3028.000
16.54513 3034.000
16.56184 3117.000
16.57855 3042.000
16.59527 3010.000
16.61198 2945.000
16.62869 2973.000
16.64540 3064.000
16.66211 2990.000
16.67882 3035.000
16.69553 2970.000
16.71224 2975.000
16.72896 2939.000
16.74567 2935.000
16.76238 2939.000
16.77909 3085.000
16.79580 2895.000
16.81251 2927.000
16.82922 2920.000
16.84593 3001.000
16.86265 2938.000
16.87936 2883.000
16.89607 2949.000
16.91278 3058.000
16.92949 3070.000
16.94620 2974.000
16.96291 2956.000
16.97962 3034.000
16.99634 2885.000
17.01305 3029.000
17.02976 2919.000
17.04647 2891.000
17.06318 3019.000
17.07989 3056.000
17.09660 3027.000
17.11332 2997.000
17.13003 2951.000
17.14674 2970.000
17.16345 2906.000
17.18016 2897.000
17.19687 2997.000
17.21358 3082.000
17.23029 3033.000
17.24701 2940.000
17.26372 3023.000
17.28043 2920.000
17.29714 3013.000
17.31385 2977.000
17.33056 2943.000
17.34727 2878.000
17.36398 2892.000
17.38070 2904.000
17.39741 2943.000
17.41412 2936.000
17.43083 2879.000
17.44754 2949.000
17.46425 3040.000
17.48096 3039.000
17.49767 2932.000
17.51439 2871.000
17.53110 2950.000
17.54781 2872.000
17.56452 2989.000
17.58123 2967.000
17.59794 2859.000
17.61465 2973.000
17.63136 2972.000
17.64808 3027.000
17.66479 2887.000
17.68150 2975.000
17.69821 2910.000
17.71492 2949.000
17.73163 2942.000
17.74834 2920.000
17.76505 3056.000
17.78177 2994.000
17.79848 2957.000
17.81519 2970.000
17.83190 2951.000
17.84861 2926.000
17.86532 3004.000
17.88203 2942.000
17.89874 2980.000
17.91546 2985.000
17.93217 3009.000
17.94888 2999.000
17.96559 2955.000
17.98230 3004.000
17.99901 2974.000
18.01572 2996.000
18.03243 2932.000
18.04915 2975.000
18.06586 2940.000
18.08257 2889.000
18.09928 2975.000
18.11599 2950.000
18.13270 2843.000
18.14941 3027.000
18.16613 2970.000
18.18284 3000.000
18.19955 2868.000
18.21626 3062.000
18.23297 2938.000
18.24968 3016.000
18.26639 2968.000
18.28310 2956.000
18.29982 2943.000
18.31653 2924.000
18.33324 2916.000
18.34995 2932.000
18.36666 3021.000
18.38337 2933.000
18.40008 2981.000
18.41679 2941.000
18.43351 2999.000
18.45022 2953.000
18.46693 2843.000
18.48364 2873.000
18.50035 3007.000
18.51706 2967.000
18.53377 3053.000
18.55048 2919.000
18.56720 2963.000
18.58391 2940.000
18.60062 2867.000
18.61733 3019.000
18.63404 2969.000
18.65075 2976.000
18.66746 2940.000
18.68417 2875.000
18.70089 2941.000
18.71760 2952.000
18.73431 2923.000
18.75102 2958.000
18.76773 3049.000
18.78444 2966.000
18.80115 2898.000
18.81786 2966.000
18.83458 2943.000
18.85129 2909.000
18.86800 2963.000
18.88471 2950.000
18.90142 2989.000
18.91813 2943.000
18.93484 2990.000
18.95155 2889.000
18.96827 2962.000
18.98498 2968.000
19.00169 3012.000
19.01840 2965.000
19.03511 2880.000
19.05182 2857.000
19.06853 2974.000
19.08524 2912.000
19.10196 2912.000
19.11867 2979.000
19.13538 2865.000
19.15209 2870.000
19.16880 2899.000
19.18551 2945.000
19.20222 3014.000
19.21894 2953.000
19.23565 2917.000
19.25236 2957.000
19.26907 2979.000
19.28578 2907.000
19.30249 2875.000
19.31920 2891.000
19.33591 2918.000
19.35263 2944.000
19.36934 3024.000
19.38605 2911.000
19.40276 2958.000
19.41947 2896.000
19.43618 3028.000
19.45289 2979.000
19.46960 2922.000
19.48632 2987.000
19.50303 3011.000
19.51974 3036.000
19.53645 2901.000
19.55316 2941.000
19.56987 3054.000
19.58658 3039.000
19.60329 2908.000
19.62001 2990.000
19.63672 3031.000
19.65343 2977.000
19.67014 3007.000
19.68685 2882.000
19.70356 2933.000
19.72027 2932.000
19.73698 2924.000
19.75370 3097.000
19.77041 3040.000
19.78712 2924.000
19.80383 2977.000
19.82054 3017.000
19.83725 2846.000
19.85396 2907.000
19.87067 2900.000
19.88739 3000.000
19.90410 2989.000
19.92081 2899.000
19.93752 2966.000
19.95423 2919.000
19.97094 3069.000
19.98765 2898.000
20.00436 2988.000
20.02108 2874.000
20.03779 2949.000
20.05450 2998.000
20.07121 2861.000
20.08792 2891.000
20.10463 2979.000
20.12134 3012.000
20.13805 2956.000
20.15477 2897.000
20.17148 2902.000
20.18819 2980.000
20.20490 2945.000
20.22161 2973.000
20.23832 3081.000
20.25503 3003.000
20.27175 2882.000
20.28846 3015.000
20.30517 3047.000
20.32188 2807.000
20.33859 2891.000
20.35530 2898.000
20.37201 2995.000
20.38872 2865.000
20.40544 2983.000
20.42215 3037.000
20.43886 2901.000
20.45557 2917.000
20.47228 2928.000
20.48899 2862.000
20.50570 2916.000
20.52241 2973.000
20.53913 2919.000
20.55584 2960.000
20.57255 2986.000
20.58926 2973.000
20.60597 2899.000
20.62268 2951.000
20.63939 3034.000
20.65610 2936.000
20.67282 2878.000
20.68953 2933.000
20.70624 2906.000
20.72295 3000.000
20.73966 2969.000
20.75637 3109.000
20.77308 2964.000
20.78979 2858.000
20.80651 2856.000
20.82322 3027.000
20.83993 3060.000
20.85664 2971.000
20.87335 2978.000
20.89006 3049.000
20.90677 3011.000
20.92348 3000.000
20.94020 2932.000
20.95691 2990.000
20.97362 2980.000
20.99033 3012.000
21.00704 2860.000
21.02375 2988.000
21.04046 3035.000
21.05717 2995.000
21.07389 2863.000
21.09060 2996.000
21.10731 2971.000
21.12402 2982.000
21.14073 2992.000
21.15744 2999.000
21.17415 2993.000
21.19086 3001.000
21.20758 2987.000
21.22429 2973.000
21.24100 2972.000
21.25771 2974.000
21.27442 2962.000
21.29113 2921.000
21.30784 2878.000
21.32456 2943.000
21.34127 2996.000
21.35798 2974.000
21.37469 2945.000
21.39140 2972.000
21.40811 2915.000
21.42482 3026.000
21.44153 3016.000
21.45825 2934.000
21.47496 2966.000
21.49167 2973.000
21.50838 2852.000
21.52509 3018.000
21.54180 2934.000
21.55851 2981.000
21.57522 2843.000
21.59194 3002.000
21.60865 3023.000
21.62536 2938.000
21.64207 2940.000
21.65878 2985.000
21.67549 2987.000
21.69220 2971.000
21.70891 3041.000
21.72563 2996.000
21.74234 2988.000
21.75905 2919.000
21.77576 3011.000
21.79247 2933.000
21.80918 3024.000
21.82589 3030.000
21.84260 3085.000
21.85932 2892.000
21.87603 3011.000
21.89274 2991.000
21.90945 2894.000
21.92616 3040.000
21.94287 2886.000
21.95958 2918.000
21.97629 2995.000
21.99301 2906.000
22.00972 2915.000
22.02643 2915.000
22.04314 2942.000
22.05985 3020.000
22.07656 3067.000
22.09327 2966.000
22.10998 2957.000
22.12670 2995.000
22.14341 2947.000
22.16012 2904.000
22.17683 3040.000
22.19354 3066.000
22.21025 2940.000
22.22696 3004.000
22.24368 2942.000
22.26039 2973.000
22.27710 3040.000
22.29381 2925.000
22.31052 3005.000
22.32723 2965.000
22.34394 3073.000
22.36065 2962.000
22.37737 2954.000
22.39408 2952.000
22.41079 3024.000
22.42750 2835.000
22.44421 2951.000
22.46092 2914.000
22.47763 3006.000
22.49434 2971.000
22.51106 2899.000
22.52777 2883.000
22.54448 2878.000
22.56119 2949.000
22.57790 2939.000
22.59461 2962.000
22.61132 2997.000
22.62803 2996.000
22.64475 2926.000
22.66146 2971.000
22.67817 3021.000
22.69488 2924.000
22.71159 2966.000
22.72830 2993.000
22.74501 2877.000
22.76172 2952.000
22.77844 3044.000
22.79515 3040.000
22.81186 2877.000
22.82857 2914.000
22.84528 2947.000
22.86199 2909.000
22.87870 2941.000
22.89541 2997.000
22.91213 2968.000
22.92884 2849.000
22.94555 2892.000
22.96226 2966.000
22.97897 2861.000
22.99568 3046.000
23.01239 2912.000
23.02910 3063.000
23.04582 2924.000
23.06253 3013.000
23.07924 2994.000
23.09595 2924.000
23.11266 2882.000
23.12937 2955.000
23.14608 2863.000
23.16279 2901.000
23.17951 2924.000
23.19622 2921.000
23.21293 3000.000
23.22964 3004.000
23.24635 3040.000
23.26306 3016.000
23.27977 2931.000
23.29649 2910.000
23.31320 3028.000
23.32991 2945.000
23.34662 2978.000
23.36333 2863.000
23.38004 2881.000
23.39675 2944.000
23.41346 2949.000
23.43018 3039.000
23.44689 2986.000
23.46360 2949.000
23.48031 2879.000
23.49702 2918.000
23.51373 2944.000
23.53044 2960.000
23.54715 2899.000
23.56387 2871.000
23.58058 2950.000
23.59729 2864.000
23.61400 2979.000
23.63071 2823.000
23.64742 2986.000
23.66413 3011.000
23.68084 2889.000
23.69756 2948.000
23.71427 2897.000
23.73098 2882.000
23.74769 2922.000
23.76440 2946.000
23.78111 2904.000
23.79782 2924.000
23.81453 2824.000
23.83125 2952.000
23.84796 2882.000
23.86467 2834.000
23.88138 2897.000
23.89809 2889.000
23.91480 2849.000
23.93151 2761.000
23.94822 2956.000
23.96494 2920.000
23.98165 2891.000
23.99836 2885.000
24.01507 2972.000
24.03178 2864.000
24.04849 2914.000
24.06520 2945.000
24.08191 2949.000
24.09863 2947.000
24.11534 2849.000
24.13205 2910.000
24.14876 2896.000
24.16547 2863.000
24.18218 2895.000
24.19889 2928.000
24.21560 2922.000
24.23232 2851.000
24.24903 2746.000
24.26574 2882.000
24.28245 2881.000
24.29916 2973.000
24.31587 2873.000
24.33258 2927.000
24.34930 2831.000
24.36601 2813.000
24.38272 2911.000
24.39943 2833.000
24.41614 2904.000
24.43285 2844.000
24.44956 2831.000
24.46627 2827.000
24.48299 2931.000
24.49970 2909.000
24.51641 2824.000
24.53312 2790.000
24.54983 2901.000
24.56654 2799.000
24.58325 2915.000
24.59996 2853.000
24.61668 2911.000
24.63339 2782.000
24.65010 2804.000
24.66681 2905.000
24.68352 2941.000
24.70023 2868.000
24.71694 2878.000
24.73365 2883.000
24.75037 2926.000
24.76708 2834.000
24.78379 2874.000
24.80050 2897.000
24.81721 2893.000
24.83392 2869.000
24.85063 2852.000
24.86734 2893.000
24.88406 2831.000
24.90077 2769.000
24.91748 2801.000
24.93419 2860.000
24.95090 2880.000
24.96761 2781.000
24.98432 2791.000
25.00103 2780.000
25.01775 2845.000
25.03446 2914.000
25.05117 2754.000
25.06788 2800.000
25.08459 2818.000
25.10130 2746.000
25.11801 2757.000
25.13472 2759.000
25.15144 2825.000
25.16815 2751.000
25.18486 2864.000
25.20157 2744.000
25.21828 2783.000
25.23499 2778.000
25.25170 2740.000
25.26841 2824.000
25.28513 2859.000
25.30184 2783.000
25.31855 2759.000
25.33526 2850.000
25.35197 2664.000
25.36868 2824.000
25.38539 2726.000
25.40211 2810.000
25.41882 2770.000
25.43553 2752.000
25.45224 2791.000
25.46895 2748.000
25.48566 2774.000
25.50237 2764.000
25.51908 2792.000
25.53580 2773.000
25.55251 2717.000
25.56922 2745.000
25.58593 2600.000
25.60264 2774.000
25.61935 2863.000
25.63606 2799.000
25.65277 2827.000
25.66949 2786.000
25.68620 2763.000
25.70291 2765.000
25.71962 2703.000
25.73633 2757.000
25.75304 2737.000
25.76975 2775.000
25.78646 2665.000
25.80318 2709.000
25.81989 2765.000
25.83660 2756.000
25.85331 2808.000
25.87002 2754.000
25.88673 2742.000
25.90344 2765.000
25.92015 2674.000
25.93687 2699.000
25.95358 2722.000
25.97029 2790.000
25.98700 2714.000
26.00371 2685.000
26.02042 2628.000
26.03713 2699.000
26.05384 2774.000
26.07056 2736.000
26.08727 2635.000
26.10398 2722.000
26.12069 2761.000
26.13740 2648.000
26.15411 2750.000
26.17082 2683.000
26.18753 2710.000
26.20425 2642.000
26.22096 2731.000
26.23767 2659.000
26.25438 2712.000
26.27109 2626.000
26.28780 2718.000
26.30451 2692.000
26.32122 2719.000
26.33794 2786.000
26.35465 2836.000
26.37136 2705.000
26.38807 2670.000
26.40478 2748.000
26.42149 2648.000
26.43820 2787.000
26.45492 2731.000
26.47163 2750.000
26.48834 2814.000
26.50505 2594.000
26.52176 2657.000
26.53847 2763.000
26.55518 2668.000
26.57189 2688.000
26.58861 2646.000
26.60532 2692.000
26.62203 2675.000
26.63874 2698.000
26.65545 2725.000
26.67216 2690.000
26.68887 2658.000
26.70558 2714.000
26.72230 2729.000
26.73901 2584.000
26.75572 2695.000
26.77243 2701.000
26.78914 2690.000
26.80585 2752.000
26.82256 2613.000
26.83927 2686.000
26.85599 2744.000
26.87270 2588.000
26.88941 2569.000
26.90612 2764.000
26.92283 2609.000
26.93954 2692.000
26.95625 2663.000
26.97296 2619.000
26.98968 2661.000
27.00639 2586.000
27.02310 2544.000
27.03981 2584.000
27.05652 2572.000
27.07323 2638.000
27.08994 2650.000
27.10665 2601.000
27.12337 2596.000
27.14008 2598.000
27.15679 2646.000
27.17350 2504.000
27.19021 2571.000
27.20692 2654.000
27.22363 2524.000
27.24034 2576.000
27.25706 2561.000
27.27377 2499.000
27.29048 2578.000
27.30719 2578.000
27.32390 2535.000
27.34061 2542.000
27.35732 2630.000
27.37403 2594.000
27.39075 2588.000
27.40746 2662.000
27.42417 2562.000
27.44088 2528.000
27.45759 2636.000
27.47430 2473.000
27.49101 2521.000
27.50773 2566.000
27.52444 2499.000
27.54115 2587.000
27.55786 2594.000
27.57457 2577.000
27.59128 2533.000
27.60799 2607.000
27.62470 2552.000
27.64142 2550.000
27.65813 2589.000
27.67484 2530.000
27.69155 2551.000
27.70826 2445.000
27.72497 2567.000
27.74168 2632.000
27.75839 2531.000
27.77511 2593.000
27.79182 2517.000
27.80853 2529.000
27.82524 2565.000
27.84195 2497.000
27.85866 2471.000
27.87537 2615.000
27.89208 2529.000
27.90880 2477.000
27.92551 2480.000
27.94222 2486.000
27.95893 2445.000
27.97564 2530.000
27.99235 2456.000
28.00906 2499.000
28.02577 2545.000
28.04249 2470.000
28.05920 2505.000
28.07591 2448.000
28.09262 2537.000
28.10933 2402.000
28.12604 2523.000
28.14275 2490.000
28.15946 2477.000
28.17618 2445.000
28.19289 2424.000
28.20960 2601.000
28.22631 2557.000
28.24302 2545.000
28.25973 2565.000
28.27644 2484.000
28.29315 2577.000
28.30987 2555.000
28.32658 2469.000
28.34329 2471.000
28.36000 2475.000
28.37671 2530.000
28.39342 2564.000
28.41013 2484.000
28.42684 2512.000
28.44356 2568.000
28.46027 2644.000
28.47698 2585.000
28.49369 2643.000
28.51040 2767.000
28.52711 2758.000
28.54382 2755.000
28.56054 2864.000
28.57725 2863.000
28.59396 2930.000
28.61067 3064.000
28.62738 3166.000
28.64409 3232.000
28.66080 3090.000
28.67751 3154.000
28.69423 3065.000
28.71094 3000.000
28.72765 3028.000
28.74436 2887.000
28.76107 2767.000
28.77778 2696.000
28.79449 2591.000
28.81120 2678.000
28.82792 2532.000
28.84463 2707.000
28.86134 2634.000
28.87805 2666.000
28.89476 2591.000
28.91147 2624.000
28.92818 2707.000
28.94489 2727.000
28.96161 2841.000
28.97832 3000.000
28.99503 2925.000
29.01174 3114.000
29.02845 3214.000
29.04516 3488.000
29.06187 3772.000
29.07858 4087.000
29.09530 4530.000
29.11201 5001.000
29.12872 5786.000
29.14543 6442.000
29.16214 7560.000
29.17885 9600.000
29.19556 12749.000
29.21227 15343.000
29.22899 17827.000
29.24570 20845.000
29.26241 21630.000
29.27912 21217.000
29.29583 20792.000
29.31254 19207.000
29.32925 16281.000
29.34596 13279.000
29.36268 11287.000
29.37939 9516.000
29.39610 7573.000
29.41281 5857.000
29.42952 4837.000
29.44623 4112.000
29.46294 3754.000
29.47965 3409.000
29.49637 3166.000
29.51308 3060.000
29.52979 2884.000
29.54650 2948.000
29.56321 2790.000
29.57992 2613.000
29.59663 2639.000
29.61335 2637.000
29.63006 2572.000
29.64677 2485.000
29.66348 2559.000
29.68019 2399.000
29.69690 2434.000
29.71361 2532.000
29.73032 2376.000
29.74704 2431.000
29.76375 2373.000
29.78046 2437.000
29.79717 2360.000
29.81388 2342.000
29.83059 2369.000
29.84730 2380.000
29.86401 2436.000
29.88073 2284.000
29.89744 2239.000
29.91415 2334.000
29.93086 2278.000
29.94757 2290.000
29.96428 2319.000
29.98099 2305.000
29.99770 2295.000
30.01442 2228.000
30.03113 2305.000
30.04784 2247.000
30.06455 2256.000
30.08126 2284.000
30.09797 2229.000
30.11468 2374.000
30.13139 2239.000
30.14811 2322.000
30.16482 2260.000
30.18153 2200.000
30.19824 2223.000
30.21495 2266.000
30.23166 2245.000
30.24837 2241.000
30.26508 2166.000
30.28180 2232.000
30.29851 2158.000
30.31522 2244.000
30.33193 2219.000
30.34864 2191.000
30.36535 2116.000
30.38206 2146.000
30.39877 2147.000
30.41549 2141.000
30.43220 2214.000
30.44891 2139.000
30.46562 2124.000
30.48233 2143.000
30.49904 2111.000
30.51575 2142.000
30.53246 2213.000
30.54918 2186.000
30.56589 2171.000
30.58260 2210.000
30.59931 2097.000
30.61602 2173.000
30.63273 2139.000
30.64944 2163.000
30.66616 2210.000
30.68287 2218.000
30.69958 2148.000
30.71629 2317.000
30.73300 2417.000
30.74971 2410.000
30.76642 2519.000
30.78313 2473.000
30.79985 2545.000
30.81656 2647.000
30.83327 2763.000
30.84998 2821.000
30.86669 2757.000
30.88340 2918.000
30.90011 2835.000
30.91682 2893.000
30.93354 2768.000
30.95025 2552.000
30.96696 2581.000
30.98367 2535.000
31.00038 2427.000
31.01709 2355.000
31.03380 2266.000
31.05051 2202.000
31.06723 2147.000
31.08394 2186.000
31.10065 2047.000
31.11736 2087.000
31.13407 2133.000
31.15078 2146.000
31.16749 2134.000
31.18420 2054.000
31.20092 2063.000
31.21763 2027.000
31.23434 1958.000
31.25105 2095.000
31.26776 2040.000
31.28447 2033.000
31.30118 2057.000
31.31789 2068.000
31.33461 1980.000
31.35132 2047.000
31.36803 2001.000
31.38474 1934.000
31.40145 2027.000
31.41816 2008.000
31.43487 1994.000
31.45158 1891.000
31.46830 2063.000
31.48501 1860.000
31.50172 2031.000
31.51843 1890.000
31.53514 1982.000
31.55185 1917.000
31.56856 1904.000
31.58527 1916.000
31.60199 1956.000
31.61870 1949.000
31.63541 1959.000
31.65212 1948.000
31.66883 1915.000
31.68554 1947.000
31.70225 1919.000
31.71897 1893.000
31.73568 1759.000
31.75239 1889.000
31.76910 1916.000
31.78581 1944.000
31.80252 1862.000
31.81923 1908.000
31.83594 1904.000
31.85266 1920.000
31.86937 1901.000
31.88608 1919.000
31.90279 1873.000
31.91950 1917.000
31.93621 1952.000
31.95292 1974.000
31.96963 1883.000
31.98635 1850.000
32.00306 1875.000
32.01977 1880.000
32.03648 1765.000
32.05319 1817.000
32.06990 1796.000
32.08661 1894.000
32.10332 1811.000
32.12004 1857.000
32.13675 1825.000
32.15346 1864.000
32.17017 1863.000
32.18688 1792.000
32.20359 1848.000
32.22030 1861.000
32.23701 1819.000
32.25373 1833.000
32.27044 1810.000
32.28715 1816.000
32.30386 1791.000
32.32057 1826.000
32.33728 1817.000
32.35399 1869.000
32.37070 1821.000
32.38742 1822.000
32.40413 1819.000
32.42084 1845.000
32.43755 1689.000
32.45426 1821.000
32.47097 1816.000
32.48768 1797.000
32.50439 1737.000
32.52111 1848.000
32.53782 1784.000
32.55453 1791.000
32.57124 1804.000
32.58795 1731.000
32.60466 1795.000
32.62137 1821.000
32.63808 1792.000
32.65480 1798.000
32.67151 1716.000
32.68822 1702.000
32.70493 1778.000
32.72164 1715.000
32.73835 1794.000
32.75506 1715.000
32.77178 1779.000
32.78849 1745.000
32.80520 1715.000
32.82191 1762.000
32.83862 1735.000
32.85533 1712.000
32.87204 1702.000
32.88875 1710.000
32.90547 1686.000
32.92218 1733.000
32.93889 1714.000
32.95560 1700.000
32.97231 1693.000
32.98902 1684.000
33.00573 1709.000
33.02244 1755.000
33.03916 1732.000
33.05587 1674.000
33.07258 1718.000
33.08929 1733.000
33.10600 1759.000
33.12271 1740.000
33.13942 1588.000
33.15613 1726.000
33.17285 1727.000
33.18956 1667.000
33.20627 1663.000
33.22298 1670.000
33.23969 1707.000
33.25640 1644.000
33.27311 1635.000
33.28982 1624.000
33.30654 1670.000
33.32325 1645.000
33.33996 1570.000
33.35667 1625.000
33.37338 1650.000
33.39009 1716.000
33.40680 1640.000
33.42351 1659.000
33.44023 1690.000
33.45694 1567.000
33.47365 1645.000
33.49036 1555.000
33.50707 1660.000
33.52378 1609.000
33.54049 1632.000
33.55720 1623.000
33.57392 1594.000
33.59063 1604.000
33.60734 1560.000
33.62405 1599.000
33.64076 1618.000
33.65747 1645.000
33.67418 1622.000
33.69089 1588.000
33.70761 1648.000
33.72432 1619.000
33.74103 1646.000
33.75774 1628.000
33.77445 1547.000
33.79116 1605.000
33.80787 1609.000
33.82459 1599.000
33.84130 1574.000
33.85801 1636.000
33.87472 1619.000
33.89143 1552.000
33.90814 1632.000
33.92485 1570.000
33.94156 1540.000
33.95828 1631.000
33.97499 1613.000
33.99170 1582.000
34.00841 1495.000
34.02512 1548.000
34.04183 1608.000
34.05854 1562.000
34.07525 1594.000
34.09197 1495.000
34.10868 1579.000
34.12539 1507.000
34.14210 1495.000
34.15881 1540.000
34.17552 1584.000
34.19223 1509.000
34.20894 1514.000
34.22566 1544.000
34.24237 1533.000
34.25908 1533.000
34.27579 1536.000
34.29250 1425.000
34.30921 1485.000
34.32592 1595.000
34.34263 1553.000
34.35935 1480.000
34.37606 1456.000
34.39277 1530.000
34.40948 1452.000
34.42619 1456.000
34.44290 1489.000
34.45961 1569.000
34.47632 1467.000
34.49304 1503.000
34.50975 1554.000
34.52646 1502.000
34.54317 1472.000
34.55988 1441.000
34.57659 1570.000
34.59330 1472.000
34.61001 1536.000
34.62673 1465.000
34.64344 1482.000
34.66015 1470.000
34.67686 1483.000
34.69357 1485.000
34.71028 1493.000
34.72699 1518.000
34.74370 1475.000
34.76042 1481.000
34.77713 1382.000
34.79384 1400.000
34.81055 1417.000
34.82726 1414.000
34.84397 1432.000
34.86068 1551.000
34.87740 1461.000
34.89411 1462.000
34.91082 1498.000
34.92753 1451.000
34.94424 1478.000
34.96095 1486.000
34.97766 1513.000
34.99437 1465.000
35.01109 1478.000
35.02780 1499.000
35.04451 1429.000
35.06122 1484.000
35.07793 1455.000
35.09464 1438.000
35.11135 1459.000
35.12806 1376.000
35.14478 1444.000
35.16149 1469.000
35.17820 1485.000
35.19491 1408.000
35.21162 1423.000
35.22833 1298.000
35.24504 1486.000
35.26175 1471.000
35.27847 1400.000
35.29518 1426.000
35.31189 1487.000
35.32860 1380.000
35.34531 1423.000
35.36202 1396.000
35.37873 1416.000
35.39544 1404.000
35.41216 1470.000
35.42887 1357.000
35.44558 1428.000
35.46229 1366.000
35.47900 1399.000
35.49571 1359.000
35.51242 1393.000
35.52913 1388.000
35.54585 1370.000
35.56256 1330.000
35.57927 1344.000
35.59598 1407.000
35.61269 1406.000
35.62940 1378.000
35.64611 1400.000
35.66282 1341.000
35.67954 1376.000
35.69625 1390.000
35.71296 1412.000
35.72967 1339.000
35.74638 1391.000
35.76309 1329.000
35.77980 1364.000
35.79651 1420.000
35.81323 1294.000
35.82994 1380.000
35.84665 1354.000
35.86336 1368.000
35.88007 1403.000
35.89678 1383.000
35.91349 1441.000
35.93021 1383.000
35.94692 1377.000
35.96363 1362.000
35.98034 1385.000
35.99705 1396.000
36.01376 1418.000
36.03047 1286.000
36.04718 1309.000
36.06390 1344.000
36.08061 1383.000
36.09732 1368.000
36.11403 1390.000
36.13074 1369.000
36.14745 1251.000
36.16416 1355.000
36.18087 1409.000
36.19759 1288.000
36.21430 1274.000
36.23101 1312.000
36.24772 1280.000
36.26443 1310.000
36.28114 1409.000
36.29785 1306.000
36.31456 1305.000
36.33128 1308.000
36.34799 1296.000
36.36470 1371.000
36.38141 1293.000
36.39812 1285.000
36.41483 1285.000
36.43154 1380.000
36.44825 1324.000
36.46497 1301.000
36.48168 1258.000
36.49839 1305.000
36.51510 1346.000
36.53181 1242.000
36.54852 1330.000
36.56523 1272.000
36.58194 1334.000
36.59866 1386.000
36.61537 1171.000
36.63208 1297.000
36.64879 1320.000
36.66550 1292.000
36.68221 1290.000
36.69892 1328.000
36.71563 1206.000
36.73235 1215.000
36.74906 1300.000
36.76577 1237.000
36.78248 1213.000
36.79919 1264.000
36.81590 1241.000
36.83261 1252.000
36.84932 1251.000
36.86604 1299.000
36.88275 1277.000
36.89946 1292.000
36.91617 1188.000
36.93288 1251.000
36.94959 1269.000
36.96630 1226.000
36.98302 1248.000
36.99973 1212.000
37.01644 1190.000
37.03315 1236.000
37.04986 1248.000
37.06657 1201.000
37.08328 1250.000
37.09999 1168.000
37.11671 1244.000
37.13342 1247.000
37.15013 1244.000
37.16684 1198.000
37.18355 1264.000
37.20026 1207.000
37.21697 1246.000
37.23368 1247.000
37.25040 1264.000
37.26711 1256.000
37.28382 1256.000
37.30053 1217.000
37.31724 1200.000
37.33395 1276.000
37.35066 1182.000
37.36737 1175.000
37.38409 1239.000
37.40080 1229.000
37.41751 1215.000
37.43422 1189.000
37.45093 1225.000
37.46764 1268.000
37.48435 1161.000
37.50106 1228.000
37.51778 1176.000
37.53449 1216.000
37.55120 1155.000
37.56791 1156.000
37.58462 1165.000
37.60133 1304.000
37.61804 1252.000
37.63475 1222.000
37.65147 1256.000
37.66818 1249.000
37.68489 1129.000
37.70160 1191.000
37.71831 1207.000
37.73502 1163.000
37.75173 1238.000
37.76844 1189.000
37.78516 1210.000
37.80187 1173.000
37.81858 1172.000
37.83529 1180.000
37.85200 1167.000
37.86871 1204.000
37.88542 1254.000
37.90213 1120.000
37.91885 1173.000
37.93556 1194.000
37.95227 1146.000
37.96898 1209.000
37.98569 1275.000
38.00240 1197.000
38.01911 1151.000
38.03583 1197.000
38.05254 1134.000
38.06925 1191.000
38.08596 1222.000
38.10267 1222.000
38.11938 1213.000
38.13609 1164.000
38.15280 1166.000
38.16952 1152.000
38.18623 1180.000
38.20294 1220.000
38.21965 1213.000
38.23636 1180.000
38.25307 1183.000
38.26978 1221.000
38.28649 1245.000
38.30321 1212.000
38.31992 1144.000
38.33663 1153.000
38.35334 1193.000
38.37005 1132.000
38.38676 1139.000
38.40347 1157.000
38.42018 1169.000
38.43690 1198.000
38.45361 1215.000
38.47032 1174.000
38.48703 1197.000
38.50374 1194.000
38.52045 1128.000
38.53716 1135.000
38.55387 1198.000
38.57059 1141.000
38.58730 1194.000
38.60401 1217.000
38.62072 1169.000
38.63743 1219.000
38.65414 1177.000
38.67085 1258.000
38.68756 1159.000
38.70428 1192.000
38.72099 1156.000
38.73770 1150.000
38.75441 1170.000
38.77112 1245.000
38.78783 1193.000
38.80454 1157.000
38.82125 1222.000
38.83797 1259.000
38.85468 1178.000
38.87139 1163.000
38.88810 1200.000
38.90481 1228.000
38.92152 1179.000
38.93823 1260.000
38.95495 1188.000
38.97166 1200.000
38.98837 1141.000
39.00508 1227.000
39.02179 1190.000
39.03850 1171.000
39.05521 1187.000
39.07192 1201.000
39.08864 1218.000
39.10535 1198.000
39.12206 1220.000
39.13877 1216.000
39.15548 1221.000
39.17219 1194.000
39.18890 1192.000
39.20561 1228.000
39.22233 1288.000
39.23904 1220.000
39.25575 1247.000
39.27246 1258.000
39.28917 1277.000
39.30588 1265.000
39.32259 1292.000
39.33930 1259.000
39.35602 1261.000
39.37273 1194.000
39.38944 1243.000
39.40615 1290.000
39.42286 1178.000
39.43957 1223.000
39.45628 1239.000
39.47299 1315.000
39.48971 1236.000
39.50642 1254.000
39.52313 1294.000
39.53984 1282.000
39.55655 1287.000
39.57326 1233.000
39.58997 1286.000
39.60668 1338.000
39.62340 1362.000
39.64011 1348.000
39.65682 1405.000
39.67353 1465.000
39.69024 1522.000
39.70695 1502.000
39.72366 1544.000
39.74037 1588.000
39.75709 1723.000
39.77380 1815.000
39.79051 1998.000
39.80722 2161.000
39.82393 2229.000
39.84064 2532.000
39.85735 2837.000
39.87406 3240.000
39.89078 3945.000
39.90749 5092.000
39.92420 6434.000
39.94091 8159.000
39.95762 9861.000
39.97433 11720.000
39.99104 13062.000
40.00776 13430.000
40.02447 12849.000
40.04118 10835.000
40.05789 9396.000
40.07460 8737.000
40.09131 8733.000
40.10802 8290.000
40.12473 7456.000
40.14145 5877.000
40.15816 4483.000
40.17487 3659.000
40.19158 3071.000
40.20829 2689.000
40.22500 2422.000
40.24171 2206.000
40.25842 2076.000
40.27514 1870.000
40.29185 1846.000
40.30856 1721.000
40.32527 1551.000
40.34198 1626.000
40.35869 1400.000
40.37540 1527.000
40.39211 1499.000
40.40883 1396.000
40.42554 1356.000
40.44225 1330.000
40.45896 1270.000
40.47567 1376.000
40.49238 1312.000
40.50909 1270.000
40.52580 1234.000
40.54252 1284.000
40.55923 1292.000
40.57594 1230.000
40.59265 1214.000
40.60936 1180.000
40.62607 1212.000
40.64278 1179.000
40.65949 1168.000
40.67621 1153.000
40.69292 1156.000
40.70963 1143.000
40.72634 1135.000
40.74305 1166.000
40.75976 1194.000
40.77647 1136.000
40.79318 1145.000
40.80990 1078.000
40.82661 1154.000
40.84332 1155.000
40.86003 1123.000
40.87674 1136.000
40.89345 1138.000
40.91016 1107.000
40.92687 1120.000
40.94359 1123.000
40.96030 1135.000
40.97701 1100.000
40.99372 1123.000
41.01043 1117.000
41.02714 1145.000
41.04385 1079.000
41.06057 1078.000
41.07728 1152.000
41.09399 1097.000
41.11070 1088.000
41.12741 1048.000
41.14412 1073.000
41.16083 1103.000
41.17754 1079.000
41.19426 1058.000
41.21097 1082.000
41.22768 1099.000
41.24439 1133.000
41.26110 1034.000
41.27781 1068.000
41.29452 1058.000
41.31123 1117.000
41.32795 1051.000
41.34466 1087.000
41.36137 1062.000
41.37808 1126.000
41.39479 1110.000
41.41150 1084.000
41.42821 1122.000
41.44492 1092.000
41.46164 1105.000
41.47835 1067.000
41.49506 1117.000
41.51177 1052.000
41.52848 1080.000
41.54519 1111.000
41.56190 1092.000
41.57861 1121.000
41.59533 1017.000
41.61204 1117.000
41.62875 1050.000
41.64546 1067.000
41.66217 1140.000
41.67888 1085.000
41.69559 1201.000
41.71230 1101.000
41.72902 1143.000
41.74573 1150.000
41.76244 1195.000
41.77915 1181.000
41.79586 1158.000
41.81257 1218.000
41.82928 1262.000
41.84599 1201.000
41.86271 1240.000
41.87942 1268.000
41.89613 1212.000
41.91284 1274.000
41.92955 1230.000
41.94626 1235.000
41.96297 1216.000
41.97968 1172.000
41.99640 1216.000
42.01311 1163.000
42.02982 1180.000
42.04653 1094.000
42.06324 1159.000
42.07995 1138.000
42.09666 1157.000
42.11338 1047.000
42.13009 1087.000
42.14680 1109.000
42.16351 1078.000
42.18022 1093.000
42.19693 1084.000
42.21364 1127.000
42.23035 1142.000
42.24707 1076.000
42.26378 1132.000
42.28049 1069.000
42.29720 1091.000
42.31391 1116.000
42.33062 1105.000
42.34733 1079.000
42.36404 1132.000
42.38076 1082.000
42.39747 1091.000
42.41418 1047.000
42.43089 1079.000
42.44760 1112.000
42.46431 1088.000
42.48102 1140.000
42.49773 1050.000
42.51445 1114.000
42.53116 1059.000
42.54787 1122.000
42.56458 1067.000
42.58129 1005.000
42.59800 1005.000
42.61471 1067.000
42.63142 1082.000
42.64814 1078.000
42.66485 1050.000
42.68156 1034.000
42.69827 1035.000
42.71498 1008.000
42.73169 1126.000
42.74840 1037.000
42.76511 1062.000
42.78183 1080.000
42.79854 1122.000
42.81525 1074.000
42.83196 1081.000
42.84867 1083.000
42.86538 1111.000
42.88209 1178.000
42.89880 1057.000
42.91552 1136.000
42.93223 1017.000
42.94894 1117.000
42.96565 1071.000
42.98236 1029.000
42.99907 1116.000
43.01578 1118.000
43.03249 1098.000
43.04921 1088.000
43.06592 1072.000
43.08263 1140.000
43.09934 1088.000
43.11605 1177.000
43.13276 1173.000
43.14947 1164.000
43.16619 1242.000
43.18290 1139.000
43.19961 1225.000
43.21632 1220.000
43.23303 1225.000
43.24974 1227.000
43.26645 1325.000
43.28316 1354.000
43.29988 1261.000
43.31659 1342.000
43.33330 1435.000
43.35001 1403.000
43.36672 1487.000
43.38343 1614.000
43.40014 1689.000
43.41685 1821.000
43.43357 1923.000
43.45028 2057.000
43.46699 2313.000
43.48370 2539.000
43.50041 2905.000
43.51712 3321.000
43.53383 3798.000
43.55054 4244.000
43.56726 4708.000
43.58397 5003.000
43.60068 5617.000
43.61739 6519.000
43.63410 7718.000
43.65081 8963.000
43.66752 10248.000
43.68423 10277.000
43.70095 9330.000
43.71766 8216.000
43.73437 8221.000
43.75108 8602.000
43.76779 8868.000
43.78450 8792.000
43.80121 8140.000
43.81792 6898.000
43.83464 5880.000
43.85135 4995.000
43.86806 4364.000
43.88477 4053.000
43.90148 3592.000
43.91819 3242.000
43.93490 2837.000
43.95161 2468.000
43.96833 2072.000
43.98504 1832.000
44.00175 1725.000
44.01846 1569.000
44.03517 1452.000
44.05188 1427.000
44.06859 1337.000
44.08530 1306.000
44.10202 1217.000
44.11873 1205.000
44.13544 1169.000
44.15215 1202.000
44.16886 1164.000
44.18557 1148.000
44.20228 1191.000
44.21900 1103.000
44.23571 1119.000
44.25242 1111.000
44.26913 1108.000
44.28584 1074.000
44.30255 1030.000
44.31926 1038.000
44.33597 1132.000
44.35269 1017.000
44.36940 1056.000
44.38611 1064.000
44.40282 1058.000
44.41953 1111.000
44.43624 1041.000
44.45295 1001.000
44.46966 975.000
44.48638 1065.000
44.50309 1008.000
44.51980 1010.000
44.53651 1027.000
44.55322 1003.000
44.56993 950.000
44.58664 996.000
44.60335 1004.000
44.62007 1027.000
44.63678 970.000
44.65349 999.000
44.67020 980.000
44.68691 1038.000
44.70362 952.000
44.72033 1041.000
44.73704 991.000
44.75376 980.000
44.77047 1021.000
44.78718 989.000
44.80389 937.000
44.82060 952.000
44.83731 973.000
44.85402 916.000
44.87073 961.000
44.88745 955.000
44.90416 960.000
44.92087 956.000
44.93758 1021.000
44.95429 984.000
44.97100 937.000
44.98771 934.000
45.00442 978.000
45.02114 951.000
45.03785 933.000
45.05456 979.000
45.07127 979.000
45.08798 993.000
45.10469 945.000
45.12140 950.000
45.13811 970.000
45.15483 962.000
45.17154 935.000
45.18825 962.000
45.20496 967.000
45.22167 967.000
45.23838 920.000
45.25509 912.000
45.27181 912.000
45.28852 933.000
45.30523 967.000
45.32194 955.000
45.33865 884.000
45.35536 905.000
45.37207 1015.000
45.38878 969.000
45.40550 916.000
45.42221 943.000
45.43892 937.000
45.45563 943.000
45.47234 977.000
45.48905 986.000
45.50576 918.000
45.52247 935.000
45.53919 941.000
45.55590 949.000
45.57261 1006.000
45.58932 941.000
45.60603 931.000
45.62274 892.000
45.63945 877.000
45.65616 1001.000
45.67288 972.000
45.68959 896.000
45.70630 888.000
45.72301 953.000
45.73972 917.000
45.75643 964.000
45.77314 903.000
45.78985 884.000
45.80657 879.000
45.82328 916.000
45.83999 924.000
45.85670 962.000
45.87341 955.000
45.89012 976.000
45.90683 930.000
45.92354 884.000
45.94026 942.000
45.95697 921.000
45.97368 910.000
45.99039 905.000
46.00710 929.000
46.02381 979.000
46.04052 916.000
46.05723 880.000
46.07395 914.000
46.09066 914.000
46.10737 939.000
46.12408 915.000
46.14079 910.000
46.15750 922.000
46.17421 908.000
46.19092 914.000
46.20764 917.000
46.22435 848.000
46.24106 861.000
46.25777 906.000
46.27448 889.000
46.29119 882.000
46.30790 884.000
46.32462 821.000
46.34133 929.000
46.35804 937.000
46.37475 902.000
46.39146 869.000
46.40817 963.000
46.42488 927.000
46.44159 916.000
46.45831 907.000
46.47502 892.000
46.49173 953.000
46.50844 957.000
46.52515 916.000
46.54186 875.000
46.55857 905.000
46.57528 915.000
46.59200 890.000
46.60871 859.000
46.62542 886.000
46.64213 895.000
46.65884 878.000
46.67555 871.000
46.69226 893.000
46.70897 920.000
46.72569 951.000
46.74240 949.000
46.75911 897.000
46.77582 914.000
46.79253 893.000
46.80924 917.000
46.82595 962.000
46.84266 921.000
46.85938 957.000
46.87609 932.000
46.89280 907.000
46.90951 951.000
46.92622 887.000
46.94293 984.000
46.95964 877.000
46.97635 901.000
46.99307 933.000
47.00978 921.000
47.02649 925.000
47.04320 908.000
47.05991 894.000
47.07662 974.000
47.09333 930.000
47.11004 956.000
47.12676 894.000
47.14347 936.000
47.16018 894.000
47.17689 905.000
47.19360 913.000
47.21031 878.000
47.22702 954.000
47.24373 954.000
47.26045 869.000
47.27716 930.000
47.29387 874.000
47.31058 888.000
47.32729 917.000
47.34400 945.000
47.36071 854.000
47.37743 933.000
47.39414 907.000
47.41085 890.000
47.42756 847.000
47.44427 870.000
47.46098 871.000
47.47769 841.000
47.49440 881.000
47.51112 867.000
47.52783 910.000
47.54454 868.000
47.56125 912.000
47.57796 878.000
47.59467 858.000
47.61138 873.000
47.62809 928.000
47.64481 926.000
47.66152 935.000
47.67823 914.000
47.69494 940.000
47.71165 867.000
47.72836 895.000
47.74507 886.000
47.76178 892.000
47.77850 854.000
47.79521 897.000
47.81192 904.000
47.82863 859.000
47.84534 887.000
47.86205 969.000
47.87876 904.000
47.89547 877.000
47.91219 886.000
47.92890 881.000
47.94561 929.000
47.96232 872.000
47.97903 910.000
47.99574 839.000
48.01245 865.000
48.02916 892.000
48.04588 864.000
48.06259 920.000
48.07930 887.000
48.09601 868.000
48.11272 904.000
48.12943 912.000
48.14614 863.000
48.16285 887.000
48.17957 883.000
48.19628 903.000
48.21299 848.000
48.22970 878.000
48.24641 868.000
48.26312 893.000
48.27983 864.000
48.29654 889.000
48.31326 950.000
48.32997 950.000
48.34668 906.000
48.36339 898.000
48.38010 939.000
48.39681 928.000
48.41352 946.000
48.43024 899.000
48.44695 902.000
48.46366 963.000
48.48037 922.000
48.49708 918.000
48.51379 866.000
48.53050 912.000
48.54721 919.000
48.56393 849.000
48.58064 926.000
48.59735 858.000
48.61406 846.000
48.63077 938.000
48.64748 910.000
48.66419 878.000
48.68090 914.000
48.69762 890.000
48.71433 967.000
48.73104 888.000
48.74775 878.000
48.76446 907.000
48.78117 902.000
48.79788 871.000
48.81459 841.000
48.83131 950.000
48.84802 871.000
48.86473 883.000
48.88144 873.000
48.89815 841.000
48.91486 887.000
48.93157 881.000
48.94828 857.000
48.96500 871.000
48.98171 836.000
48.99842 919.000
49.01513 850.000
49.03184 856.000
49.04855 839.000
49.06526 918.000
49.08197 886.000
49.09869 877.000
49.11540 816.000
49.13211 885.000
49.14882 868.000
49.16553 812.000
49.18224 818.000
49.19895 865.000
49.21566 891.000
49.23238 827.000
49.24909 864.000
49.26580 865.000
49.28251 886.000
49.29922 854.000
49.31593 854.000
49.33264 807.000
49.34935 859.000
49.36607 894.000
49.38278 894.000
49.39949 818.000
49.41620 884.000
49.43291 869.000
49.44962 831.000
49.46633 864.000
49.48305 810.000
49.49976 862.000
49.51647 839.000
49.53318 807.000
49.54989 871.000
49.56660 838.000
49.58331 853.000
49.60002 839.000
49.61674 902.000
49.63345 862.000
49.65016 846.000
49.66687 847.000
49.68358 864.000
49.70029 828.000
49.71700 870.000
49.73371 825.000
49.75043 844.000
49.76714 890.000
49.78385 824.000
49.80056 865.000
49.81727 834.000
49.83398 870.000
49.85069 869.000
49.86740 842.000
49.88412 857.000
49.90083 881.000
49.91754 877.000
49.93425 825.000
49.95096 853.000
49.96767 846.000
49.98438 769.000
50.00109 888.000
50.01781 815.000
50.03452 838.000
50.05123 822.000
50.06794 845.000
50.08465 831.000
50.10136 840.000
50.11807 889.000
50.13478 880.000
50.15150 867.000
50.16821 866.000
50.18492 834.000
50.20163 826.000
50.21834 918.000
50.23505 864.000
50.25176 818.000
50.26847 834.000
50.28519 840.000
50.30190 856.000
50.31861 896.000
50.33532 816.000
50.35203 836.000
50.36874 828.000
50.38545 813.000
50.40216 820.000
50.41888 826.000
50.43559 830.000
50.45230 839.000
50.46901 804.000
50.48572 849.000
50.50243 825.000
50.51914 850.000
50.53586 841.000
50.55257 878.000
50.56928 822.000
50.58599 826.000
50.60270 850.000
50.61941 882.000
50.63612 815.000
50.65283 776.000
50.66955 907.000
50.68626 857.000
50.70297 819.000
50.71968 824.000
50.73639 940.000
50.75310 874.000
50.76981 871.000
50.78652 838.000
50.80324 854.000
50.81995 818.000
50.83666 893.000
50.85337 865.000
50.87008 838.000
50.88679 865.000
50.90350 831.000
50.92021 906.000
50.93693 846.000
50.95364 908.000
50.97035 897.000
50.98706 850.000
51.00377 811.000
51.02048 886.000
51.03719 832.000
51.05390 816.000
51.07062 820.000
51.08733 833.000
51.10404 843.000
51.12075 865.000
51.13746 853.000
51.15417 864.000
51.17088 854.000
51.18759 854.000
51.20431 844.000
51.22102 835.000
51.23773 884.000
51.25444 870.000
51.27115 851.000
51.28786 896.000
51.30457 885.000
51.32128 844.000
51.33800 894.000
51.35471 882.000
51.37142 924.000
51.38813 905.000
51.40484 884.000
51.42155 953.000
51.43826 952.000
51.45497 1016.000
51.47169 949.000
51.48840 931.000
51.50511 975.000
51.52182 982.000
51.53853 968.000
51.55524 958.000
51.57195 985.000
51.58867 969.000
51.60538 940.000
51.62209 975.000
51.63880 922.000
51.65551 940.000
51.67222 894.000
51.68893 920.000
51.70564 914.000
51.72236 887.000
51.73907 896.000
51.75578 886.000
51.77249 863.000
51.78920 878.000
51.80591 860.000
51.82262 907.000
51.83933 823.000
51.85605 840.000
51.87276 895.000
51.88947 819.000
51.90618 909.000
51.92289 865.000
51.93960 866.000
51.95631 843.000
51.97302 910.000
51.98974 845.000
52.00645 879.000
52.02316 889.000
52.03987 853.000
52.05658 858.000
52.07329 845.000
52.09000 880.000
52.10671 856.000
52.12343 849.000
52.14014 887.000
52.15685 865.000
52.17356 891.000
52.19027 821.000
52.20698 809.000
52.22369 884.000
52.24040 835.000
52.25712 915.000
52.27383 812.000
52.29054 946.000
52.30725 853.000
52.32396 878.000
52.34067 863.000
52.35738 897.000
52.37409 864.000
52.39081 822.000
52.40752 853.000
52.42423 828.000
52.44094 808.000
52.45765 894.000
52.47436 843.000
52.49107 885.000
52.50778 883.000
52.52450 859.000
52.54121 807.000
52.55792 845.000
52.57463 884.000
52.59134 942.000
52.60805 864.000
52.62476 873.000
52.64148 928.000
52.65819 890.000
52.67490 874.000
52.69161 816.000
52.70832 906.000
52.72503 875.000
52.74174 888.000
52.75845 889.000
52.77517 892.000
52.79188 873.000
52.80859 890.000
52.82530 904.000
52.84201 950.000
52.85872 892.000
52.87543 867.000
52.89214 925.000
52.90886 939.000
52.92557 883.000
52.94228 874.000
52.95899 940.000
52.97570 968.000
52.99241 915.000
53.00912 1029.000
53.02583 976.000
53.04255 1011.000
53.05926 990.000
53.07597 1047.000
53.09268 1047.000
53.10939 1019.000
53.12610 1110.000
53.14281 1128.000
53.15952 1130.000
53.17624 1168.000
53.19295 1153.000
53.20966 1287.000
53.22637 1328.000
53.24308 1454.000
53.25979 1524.000
53.27650 1683.000
53.29321 1892.000
53.30993 2151.000
53.32664 2383.000
53.34335 2455.000
53.36006 2564.000
53.37677 2820.000
53.39348 2908.000
53.41019 3290.000
53.42690 3299.000
53.44362 3394.000
53.46033 3582.000
53.47704 3462.000
53.49375 3561.000
53.51046 3604.000
53.52717 3466.000
53.54388 3235.000
53.56059 3018.000
53.57731 2745.000
53.59402 2668.000
53.61073 2557.000
53.62744 2432.000
53.64415 2370.000
53.66086 2222.000
53.67757 2159.000
53.69429 1986.000
53.71100 1856.000
53.72771 1751.000
53.74442 1622.000
53.76113 1611.000
53.77784 1774.000
53.79455 1756.000
53.81126 1881.000
53.82798 1982.000
53.84469 2325.000
53.86140 2767.000
53.87811 3241.000
53.89482 3856.000
53.91153 4521.000
53.92824 5188.000
53.94495 5975.000
53.96167 5990.000
53.97838 4876.000
53.99509 4089.000
54.01180 3764.000
54.02851 3522.000
54.04522 3402.000
54.06193 3506.000
54.07864 3594.000
54.09536 3823.000
54.11207 3357.000
54.12878 2855.000
54.14549 2407.000
54.16220 2205.000
54.17891 1904.000
54.19562 1761.000
54.21233 1650.000
54.22905 1480.000
54.24576 1389.000
54.26247 1375.000
54.27918 1409.000
54.29589 1395.000
54.31260 1486.000
54.32931 1485.000
54.34602 1652.000
54.36274 1777.000
54.37945 1899.000
54.39616 2227.000
54.41287 2360.000
54.42958 2417.000
54.44629 2432.000
54.46300 2433.000
54.47971 2339.000
54.49643 2204.000
54.51314 1950.000
54.52985 1944.000
54.54656 1990.000
54.56327 1832.000
54.57998 1742.000
54.59669 1806.000
54.61340 1690.000
54.63012 1622.000
54.64683 1459.000
54.66354 1377.000
54.68025 1181.000
54.69696 1183.000
54.71367 1106.000
54.73038 1060.000
54.74710 1027.000
54.76381 1001.000
54.78052 984.000
54.79723 1005.000
54.81394 958.000
54.83065 919.000
54.84736 952.000
54.86407 905.000
54.88079 937.000
54.89750 881.000
54.91421 891.000
54.93092 932.000
54.94763 962.000
54.96434 961.000
54.98105 902.000
54.99776 901.000
55.01448 858.000
55.03119 865.000
55.04790 828.000
55.06461 881.000
55.08132 936.000
55.09803 891.000
55.11474 904.000
55.13145 850.000
55.14817 861.000
55.16488 881.000
55.18159 899.000
55.19830 873.000
55.21501 846.000
55.23172 867.000
55.24843 813.000
55.26514 834.000
55.28186 902.000
55.29857 875.000
55.31528 861.000
55.33199 847.000
55.34870 879.000
55.36541 811.000
55.38212 872.000
55.39883 803.000
55.41555 806.000
55.43226 916.000
55.44897 817.000
55.46568 859.000
55.48239 775.000
55.49910 866.000
55.51581 822.000
55.53252 823.000
55.54924 857.000
55.56595 794.000
55.58266 799.000
55.59937 874.000
55.61608 799.000
55.63279 831.000
55.64950 810.000
55.66622 783.000
55.68293 831.000
55.69964 815.000
55.71635 801.000
55.73306 869.000
55.74977 854.000
55.76648 846.000
55.78319 839.000
55.79991 840.000
55.81662 774.000
55.83333 849.000
55.85004 849.000
55.86675 783.000
55.88346 800.000
55.90017 796.000
55.91688 815.000
55.93360 823.000
55.95031 844.000
55.96702 810.000
55.98373 762.000
56.00044 806.000
56.01715 783.000
56.03386 860.000
56.05057 824.000
56.06729 768.000
56.08400 790.000
56.10071 815.000
56.11742 834.000
56.13413 868.000
56.15084 833.000
56.16755 881.000
56.18426 804.000
56.20098 807.000
56.21769 831.000
56.23440 869.000
56.25111 807.000
56.26782 790.000
56.28453 794.000
56.30124 856.000
56.31795 847.000
56.33467 782.000
56.35138 819.000
56.36809 830.000
56.38480 883.000
56.40151 790.000
56.41822 851.000
56.43493 768.000
56.45164 817.000
56.46836 795.000
56.48507 831.000
56.50178 827.000
56.51849 814.000
56.53520 782.000
56.55191 799.000
56.56862 832.000
56.58533 810.000
56.60205 813.000
56.61876 788.000
56.63547 839.000
56.65218 819.000
56.66889 885.000
56.68560 811.000
56.70231 848.000
56.71903 817.000
56.73574 792.000
56.75245 841.000
56.76916 804.000
56.78587 789.000
56.80258 780.000
56.81929 840.000
56.83600 783.000
56.85272 860.000
56.86943 771.000
56.88614 765.000
56.90285 812.000
56.91956 899.000
56.93627 729.000
56.95298 768.000
56.96969 747.000
56.98641 838.000
57.00312 773.000
57.01983 796.000
57.03654 859.000
57.05325 816.000
57.06996 832.000
57.08667 826.000
57.10338 811.000
57.12010 777.000
57.13681 835.000
57.15352 870.000
57.17023 815.000
57.18694 796.000
57.20365 776.000
57.22036 770.000
57.23707 853.000
57.25379 842.000
57.27050 906.000
57.28721 768.000
57.30392 822.000
57.32063 855.000
57.33734 824.000
57.35405 821.000
57.37076 802.000
57.38748 897.000
57.40419 835.000
57.42090 821.000
57.43761 782.000
57.45432 831.000
57.47103 790.000
57.48774 793.000
57.50445 823.000
57.52117 778.000
57.53788 801.000
57.55459 803.000
57.57130 777.000
57.58801 817.000
57.60472 765.000
57.62143 705.000
57.63814 788.000
57.65486 773.000
57.67157 823.000
57.68828 778.000
57.70499 830.000
57.72170 795.000
57.73841 817.000
57.75512 812.000
57.77184 797.000
57.78855 816.000
57.80526 804.000
57.82197 834.000
57.83868 783.000
57.85539 848.000
57.87210 820.000
57.88881 817.000
57.90553 803.000
57.92224 715.000
57.93895 803.000
57.95566 809.000
57.97237 792.000
57.98908 804.000
58.00579 830.000
58.02250 770.000
58.03922 795.000
58.05593 818.000
58.07264 798.000
58.08935 787.000
58.10606 799.000
58.12277 770.000
58.13948 819.000
58.15619 848.000
58.17291 803.000
58.18962 849.000
58.20633 800.000
58.22304 792.000
58.23975 796.000
58.25646 843.000
58.27317 832.000
58.28988 788.000
58.30660 814.000
58.32331 828.000
58.34002 836.000
58.35673 809.000
58.37344 864.000
58.39015 827.000
58.40686 780.000
58.42357 809.000
58.44029 786.000
58.45700 817.000
58.47371 795.000
58.49042 753.000
58.50713 815.000
58.52384 843.000
58.54055 866.000
58.55726 823.000
58.57398 806.000
58.59069 815.000
58.60740 838.000
58.62411 857.000
58.64082 827.000
58.65753 803.000
58.67424 833.000
58.69095 817.000
58.70767 800.000
58.72438 821.000
58.74109 812.000
58.75780 853.000
58.77451 843.000
58.79122 857.000
58.80793 869.000
58.82465 838.000
58.84136 782.000
58.85807 739.000
58.87478 861.000
58.89149 780.000
58.90820 778.000
58.92491 851.000
58.94162 820.000
58.95834 821.000
58.97505 814.000
58.99176 797.000
59.00847 766.000
59.02518 811.000
59.04189 795.000
59.05860 817.000
59.07531 836.000
59.09203 841.000
59.10874 845.000
59.12545 820.000
59.14216 830.000
59.15887 866.000
59.17558 818.000
59.19229 817.000
59.20900 827.000
59.22572 841.000
59.24243 840.000
59.25914 925.000
59.27585 845.000
59.29256 821.000
59.30927 894.000
59.32598 879.000
59.34269 883.000
59.35941 866.000
59.37612 841.000
59.39283 872.000
59.40954 868.000
59.42625 905.000
59.44296 867.000
59.45967 864.000
59.47638 847.000
59.49310 854.000
59.50981 892.000
59.52652 862.000
59.54323 828.000
59.55994 896.000
59.57665 821.000
59.59336 814.000
59.61007 830.000
59.62679 822.000
59.64350 878.000
59.66021 797.000
59.67692 783.000
59.69363 834.000
59.71034 825.000
59.72705 809.000
59.74376 759.000
59.76048 856.000
59.77719 799.000
59.79390 761.000
59.81061 823.000
59.82732 808.000
59.84403 810.000
59.86074 820.000
59.87746 809.000
59.89417 798.000
59.91088 825.000
59.92759 807.000
59.94430 820.000
59.96101 806.000
59.97772 832.000
59.99443 858.000
60.01115 851.000
60.02786 795.000
60.04457 809.000
60.06128 818.000
60.07799 799.000
60.09470 846.000
60.11141 869.000
60.12812 775.000
60.14484 862.000
60.16155 881.000
60.17826 887.000
60.19497 848.000
60.21168 817.000
60.22839 838.000
60.24510 881.000
60.26181 903.000
60.27853 896.000
60.29524 893.000
60.31195 890.000
60.32866 903.000
60.34537 881.000
60.36208 885.000
60.37879 926.000
60.39550 985.000
60.41222 979.000
60.42893 995.000
60.44564 1036.000
60.46235 1017.000
60.47906 1086.000
60.49577 1058.000
60.51248 1144.000
60.52919 1179.000
60.54591 1310.000
60.56262 1351.000
60.57933 1489.000
60.59604 1679.000
60.61275 1844.000
60.62946 2031.000
60.64617 2443.000
60.66288 2786.000
60.67960 3085.000
60.69631 3044.000
60.71302 3065.000
60.72973 2911.000
60.74644 3024.000
60.76315 2994.000
60.77986 2995.000
60.79657 2971.000
60.81329 2689.000
60.83000 2457.000
60.84671 2459.000
60.86342 2303.000
60.88013 2130.000
60.89684 2025.000
60.91355 2070.000
60.93027 1876.000
60.94698 1882.000
60.96369 1738.000
60.98040 1507.000
60.99711 1357.000
61.01382 1237.000
61.03053 1154.000
61.04724 1076.000
61.06396 1035.000
61.08067 1112.000
61.09738 1065.000
61.11409 965.000
61.13080 989.000
61.14751 925.000
61.16422 938.000
61.18093 913.000
61.19765 894.000
61.21436 915.000
61.23107 898.000
61.24778 800.000
61.26449 897.000
61.28120 846.000
61.29791 879.000
61.31462 855.000
61.33134 862.000
61.34805 796.000
61.36476 848.000
61.38147 854.000
61.39818 814.000
61.41489 855.000
61.43160 837.000
61.44831 815.000
61.46503 837.000
61.48174 836.000
61.49845 825.000
61.51516 777.000
61.53187 791.000
61.54858 812.000
61.56529 820.000
61.58200 885.000
61.59872 802.000
61.61543 818.000
61.63214 864.000
61.64885 798.000
61.66556 785.000
61.68227 832.000
61.69898 788.000
61.71569 779.000
61.73241 832.000
61.74912 795.000
61.76583 764.000
61.78254 820.000
61.79925 819.000
61.81596 789.000
61.83267 851.000
61.84938 814.000
61.86610 816.000
61.88281 793.000
61.89952 789.000
61.91623 787.000
61.93294 861.000
61.94965 832.000
61.96636 842.000
61.98308 765.000
61.99979 818.000
62.01650 803.000
62.03321 777.000
62.04992 822.000
62.06663 857.000
62.08334 826.000
62.10005 750.000
62.11677 848.000
62.13348 818.000
62.15019 800.000
62.16690 784.000
62.18361 835.000
62.20032 793.000
62.21703 786.000
62.23374 811.000
62.25046 843.000
62.26717 822.000
62.28388 796.000
62.30059 784.000
62.31730 794.000
62.33401 812.000
62.35072 840.000
62.36743 774.000
62.38415 802.000
62.40086 789.000
62.41757 779.000
62.43428 811.000
62.45099 791.000
62.46770 745.000
62.48441 836.000
62.50112 840.000
62.51784 824.000
62.53455 841.000
62.55126 808.000
62.56797 828.000
62.58468 774.000
62.60139 790.000
62.61810 797.000
62.63481 800.000
62.65153 796.000
62.66824 836.000
62.68495 815.000
62.70166 834.000
62.71837 827.000
62.73508 827.000
62.75179 797.000
62.76850 816.000
62.78522 865.000
62.80193 855.000
62.81864 814.000
62.83535 818.000
62.85206 863.000
62.86877 833.000
62.88548 817.000
62.90219 837.000
62.91891 786.000
62.93562 792.000
62.95233 838.000
62.96904 815.000
62.98575 804.000
63.00246 753.000
63.01917 789.000
63.03589 819.000
63.05260 843.000
63.06931 803.000
63.08602 810.000
63.10273 833.000
63.11944 794.000
63.13615 773.000
63.15286 806.000
63.16958 839.000
63.18629 787.000
63.20300 802.000
63.21971 786.000
63.23642 795.000
63.25313 804.000
63.26984 760.000
63.28655 798.000
63.30327 740.000
63.31998 804.000
63.33669 831.000
63.35340 815.000
63.37011 779.000
63.38682 806.000
63.40353 756.000
63.42024 769.000
63.43696 838.000
63.45367 798.000
63.47038 807.000
63.48709 803.000
63.50380 856.000
63.52051 835.000
63.53722 834.000
63.55393 853.000
63.57065 800.000
63.58736 869.000
63.60407 790.000
63.62078 784.000
63.63749 802.000
63.65420 821.000
63.67091 777.000
63.68762 795.000
63.70434 831.000
63.72105 820.000
63.73776 818.000
63.75447 832.000
63.77118 791.000
63.78789 818.000
63.80460 811.000
63.82131 800.000
63.83803 827.000
63.85474 784.000
63.87145 816.000
63.88816 801.000
63.90487 790.000
63.92158 817.000
63.93829 822.000
63.95500 800.000
63.97172 818.000
63.98843 812.000
64.00514 862.000
64.02185 828.000
64.03856 851.000
64.05527 820.000
64.07198 798.000
64.08870 879.000
64.10541 844.000
64.12212 894.000
64.13883 932.000
64.15554 831.000
64.17225 905.000
64.18896 932.000
64.20567 996.000
64.22239 940.000
64.23910 943.000
64.25581 1029.000
64.27252 1021.000
64.28923 1074.000
64.30594 1167.000
64.32265 1220.000
64.33936 1076.000
64.35608 1194.000
64.37279 1178.000
64.38950 1165.000
64.40621 1150.000
64.42292 1227.000
64.43963 1242.000
64.45634 1315.000
64.47305 1318.000
64.48977 1230.000
64.50648 1197.000
64.52319 1109.000
64.53990 1120.000
64.55661 1095.000
64.57332 1074.000
64.59003 1103.000
64.60674 967.000
64.62346 993.000
64.64017 982.000
64.65688 1019.000
64.67359 967.000
64.69030 944.000
64.70701 910.000
64.72372 885.000
64.74043 825.000
64.75715 913.000
64.77386 912.000
64.79057 843.000
64.80728 853.000
64.82399 856.000
64.84070 828.000
64.85741 854.000
64.87412 830.000
64.89084 832.000
64.90755 827.000
64.92426 813.000
64.94097 862.000
64.95768 814.000
64.97439 798.000
64.99110 831.000
65.00781 822.000
65.02453 816.000
65.04124 832.000
65.05795 853.000
65.07466 824.000
65.09137 835.000
65.10808 808.000
65.12479 843.000
65.14151 825.000
65.15822 804.000
65.17493 763.000
65.19164 766.000
65.20835 842.000
65.22506 814.000
65.24177 778.000
65.25848 851.000
65.27520 773.000
65.29191 778.000
65.30862 799.000
65.32533 764.000
65.34204 850.000
65.35875 820.000
65.37546 776.000
65.39217 802.000
65.40889 802.000
65.42560 793.000
65.44231 804.000
65.45902 816.000
65.47573 814.000
65.49244 822.000
65.50915 817.000
65.52586 787.000
65.54258 812.000
65.55929 788.000
65.57600 817.000
65.59271 787.000
65.60942 798.000
65.62613 738.000
65.64284 796.000
65.65955 799.000
65.67627 820.000
65.69298 847.000
65.70969 778.000
65.72640 801.000
65.74311 839.000
65.75982 786.000
65.77653 836.000
65.79324 839.000
65.80996 887.000
65.82667 855.000
65.84338 915.000
65.86009 806.000
65.87680 870.000
65.89351 862.000
65.91022 873.000
65.92693 856.000
65.94365 820.000
65.96036 827.000
65.97707 875.000
65.99378 891.000
66.01049 826.000
66.02720 826.000
66.04391 837.000
66.06062 813.000
66.07734 801.000
66.09405 864.000
66.11076 801.000
66.12747 845.000
66.14418 837.000
66.16089 860.000
66.17760 835.000
66.19432 803.000
66.21103 835.000
66.22774 844.000
66.24445 841.000
66.26116 748.000
66.27787 818.000
66.29458 827.000
66.31129 800.000
66.32801 843.000
66.34472 807.000
66.36143 789.000
66.37814 855.000
66.39485 814.000
66.41156 752.000
66.42827 838.000
66.44498 826.000
66.46170 816.000
66.47841 767.000
66.49512 812.000
66.51183 804.000
66.52854 800.000
66.54525 786.000
66.56196 746.000
66.57867 797.000
66.59539 828.000
66.61210 727.000
66.62881 795.000
66.64552 776.000
66.66223 797.000
66.67894 756.000
66.69565 799.000
66.71236 838.000
66.72908 750.000
66.74579 770.000
66.76250 802.000
66.77921 815.000
66.79592 815.000
66.81263 796.000
66.82934 763.000
66.84605 760.000
66.86277 759.000
66.87948 807.000
66.89619 812.000
66.91290 832.000
66.92961 790.000
66.94632 817.000
66.96303 789.000
66.97974 773.000
66.99646 804.000
67.01317 842.000
67.02988 833.000
67.04659 835.000
67.06330 836.000
67.08001 789.000
67.09672 753.000
67.11343 755.000
67.13015 818.000
67.14686 727.000
67.16357 761.000
67.18028 795.000
67.19699 759.000
67.21370 841.000
67.23041 785.000
67.24713 796.000
67.26384 746.000
67.28055 836.000
67.29726 800.000
67.31397 755.000
67.33068 821.000
67.34739 790.000
67.36410 824.000
67.38082 775.000
67.39753 794.000
67.41424 807.000
67.43095 774.000
67.44766 752.000
67.46437 836.000
67.48108 814.000
67.49779 789.000
67.51451 757.000
67.53122 780.000
67.54793 792.000
67.56464 784.000
67.58135 778.000
67.59806 788.000
67.61477 789.000
67.63148 818.000
67.64820 803.000
67.66491 824.000
67.68162 802.000
67.69833 817.000
67.71504 784.000
67.73175 777.000
67.74846 794.000
67.76517 760.000
67.78189 768.000
67.79860 793.000
67.81531 744.000
67.83202 784.000
67.84873 857.000
67.86544 770.000
67.88215 747.000
67.89886 715.000
67.91558 739.000
67.93229 801.000
67.94900 779.000
67.96571 742.000
67.98242 770.000
67.99913 759.000
68.01584 848.000
68.03255 737.000
68.04927 761.000
68.06598 816.000
68.08269 797.000
68.09940 756.000
68.11611 768.000
68.13282 762.000
68.14953 789.000
68.16624 832.000
68.18296 791.000
68.19967 817.000
68.21638 807.000
68.23309 816.000
68.24980 832.000
68.26651 761.000
68.28322 795.000
68.29994 814.000
68.31665 815.000
68.33336 799.000
68.35007 830.000
68.36678 846.000
68.38349 785.000
68.40020 866.000
68.41691 858.000
68.43363 842.000
68.45034 922.000
68.46705 875.000
68.48376 843.000
68.50047 869.000
68.51718 907.000
68.53389 873.000
68.55060 874.000
68.56732 828.000
68.58403 847.000
68.60074 937.000
68.61745 886.000
68.63416 843.000
68.65087 857.000
68.66758 860.000
68.68429 836.000
68.70101 827.000
68.71772 851.000
68.73443 843.000
68.75114 879.000
68.76785 802.000
68.78456 833.000
68.80127 854.000
68.81798 838.000
68.83470 890.000
68.85141 788.000
68.86812 828.000
68.88483 811.000
68.90154 789.000
68.91825 796.000
68.93496 828.000
68.95167 792.000
68.96839 793.000
68.98510 752.000
69.00181 785.000
69.01852 804.000
69.03523 828.000
69.05194 780.000
69.06865 802.000
69.08536 835.000
69.10208 773.000
69.11879 755.000
69.13550 836.000
69.15221 849.000
69.16892 824.000
69.18563 764.000
69.20234 811.000
69.21905 825.000
69.23577 851.000
69.25248 818.000
69.26919 847.000
69.28590 811.000
69.30261 808.000
69.31932 778.000
69.33603 827.000
69.35275 809.000
69.36946 816.000
69.38617 828.000
69.40288 812.000
69.41959 797.000
69.43630 775.000
69.45301 783.000
69.46972 772.000
69.48644 763.000
69.50315 803.000
69.51986 791.000
69.53657 836.000
69.55328 766.000
69.56999 807.000
69.58670 843.000
69.60341 830.000
69.62013 728.000
69.63684 811.000
69.65355 787.000
69.67026 762.000
69.68697 816.000
69.70368 817.000
69.72039 753.000
69.73710 798.000
69.75382 787.000
69.77053 798.000
69.78724 797.000
69.80395 808.000
69.82066 820.000
69.83737 796.000
69.85408 762.000
69.87079 775.000
69.88751 797.000
69.90422 815.000
69.92093 777.000
69.93764 831.000
69.95435 834.000
69.97106 752.000
69.98777 787.000
70.00448 791.000
70.02120 800.000
70.03791 785.000
70.05462 861.000
70.07133 816.000
70.08804 792.000
70.10475 814.000
70.12146 765.000
70.13817 791.000
70.15489 847.000
70.17160 877.000
70.18831 846.000
70.20502 800.000
70.22173 800.000
70.23844 774.000
70.25515 812.000
70.27186 826.000
70.28858 777.000
70.30529 804.000
70.32200 837.000
70.33871 760.000
70.35542 824.000
70.37213 800.000
70.38884 791.000
70.40556 795.000
70.42227 857.000
70.43898 845.000
70.45569 838.000
70.47240 804.000
70.48911 824.000
70.50582 795.000
70.52253 861.000
70.53925 905.000
70.55596 835.000
70.57267 804.000
70.58938 850.000
70.60609 854.000
70.62280 817.000
70.63951 824.000
70.65622 839.000
70.67294 866.000
70.68965 835.000
70.70636 827.000
70.72307 808.000
70.73978 869.000
70.75649 801.000
70.77320 891.000
70.78991 859.000
70.80663 858.000
70.82334 853.000
70.84005 863.000
70.85676 840.000
70.87347 820.000
70.89018 860.000
70.90689 893.000
70.92360 918.000
70.94032 865.000
70.95703 901.000
70.97374 935.000
70.99045 927.000
71.00716 937.000
71.02387 1027.000
71.04058 932.000
71.05729 977.000
71.07401 1019.000
71.09072 997.000
71.10743 1080.000
71.12414 1124.000
71.14085 1124.000
71.15756 1091.000
71.17427 1224.000
71.19098 1268.000
71.20770 1303.000
71.22441 1398.000
71.24112 1520.000
71.25783 1546.000
71.27454 1665.000
71.29125 1753.000
71.30796 1810.000
71.32467 1869.000
71.34139 1935.000
71.35810 1985.000
71.37481 2181.000
71.39152 2159.000
71.40823 2100.000
71.42494 2276.000
71.44165 2301.000
71.45837 2284.000
71.47508 2191.000
71.49179 2264.000
71.50850 2184.000
71.52521 2291.000
71.54192 2340.000
71.55863 2441.000
71.57534 2453.000
71.59206 2313.000
71.60877 2233.000
71.62548 2025.000
71.64219 1992.000
71.65890 1915.000
71.67561 1874.000
71.69232 1834.000
71.70903 1813.000
71.72575 1851.000
71.74246 1957.000
71.75917 1991.000
71.77588 2158.000
71.79259 2279.000
71.80930 2291.000
71.82601 2258.000
71.84272 2258.000
71.85944 2227.000
71.87615 2107.000
71.89286 1958.000
71.90957 1702.000
71.92628 1606.000
71.94299 1579.000
71.95970 1508.000
71.97641 1514.000
71.99313 1582.000
72.00984 1522.000
72.02655 1576.000
72.04326 1603.000
72.05997 1507.000
72.07668 1496.000
72.09339 1379.000
72.11010 1323.000
72.12682 1222.000
72.14353 1078.000
72.16024 1105.000
72.17695 1023.000
72.19366 995.000
72.21037 965.000
72.22708 962.000
72.24379 922.000
72.26051 942.000
72.27722 932.000
72.29393 940.000
72.31064 905.000
72.32735 838.000
72.34406 912.000
72.36077 907.000
72.37749 903.000
72.39420 859.000
72.41091 808.000
72.42762 812.000
72.44433 865.000
72.46104 897.000
72.47775 845.000
72.49446 893.000
72.51118 869.000
72.52789 797.000
72.54460 841.000
72.56131 776.000
72.57802 815.000
72.59473 835.000
72.61144 811.000
72.62815 821.000
72.64487 821.000
72.66158 792.000
72.67829 866.000
72.69500 802.000
72.71171 827.000
72.72842 792.000
72.74513 857.000
72.76184 836.000
72.77856 824.000
72.79527 855.000
72.81198 815.000
72.82869 828.000
72.84540 812.000
72.86211 807.000
72.87882 867.000
72.89553 850.000
72.91225 778.000
72.92896 837.000
72.94567 789.000
72.96238 759.000
72.97909 826.000
72.99580 803.000
73.01251 833.000
73.02922 790.000
73.04594 820.000
73.06265 839.000
73.07936 813.000
73.09607 784.000
73.11278 780.000
73.12949 801.000
73.14620 790.000
73.16291 784.000
73.17963 834.000
73.19634 811.000
73.21305 786.000
73.22976 765.000
73.24647 809.000
73.26318 808.000
73.27989 811.000
73.29660 824.000
73.31332 864.000
73.33003 822.000
73.34674 778.000
73.36345 806.000
73.38016 819.000
73.39687 822.000
73.41358 792.000
73.43030 763.000
73.44701 826.000
73.46372 784.000
73.48043 779.000
73.49714 777.000
73.51385 824.000
73.53056 769.000
73.54727 817.000
73.56399 833.000
73.58070 824.000
73.59741 753.000
73.61412 786.000
73.63083 737.000
73.64754 799.000
73.66425 771.000
73.68096 773.000
73.69768 793.000
73.71439 728.000
73.73110 770.000
73.74781 806.000
73.76452 816.000
73.78123 775.000
73.79794 798.000
73.81465 771.000
73.83137 796.000
73.84808 756.000
73.86479 757.000
73.88150 842.000
73.89821 818.000
73.91492 843.000
73.93163 745.000
73.94834 820.000
73.96506 806.000
73.98177 818.000
73.99848 813.000
74.01519 792.000
74.03190 789.000
74.04861 759.000
74.06532 773.000
74.08203 724.000
74.09875 796.000
74.11546 760.000
74.13217 822.000
74.14888 836.000
74.16559 768.000
74.18230 842.000
74.19901 822.000
74.21572 823.000
74.23244 815.000
74.24915 784.000
74.26586 854.000
74.28257 779.000
74.29928 794.000
74.31599 802.000
74.33270 807.000
74.34941 801.000
74.36613 742.000
74.38284 795.000
74.39955 767.000
74.41626 756.000
74.43297 784.000
74.44968 772.000
74.46639 797.000
74.48311 812.000
74.49982 788.000
74.51653 823.000
74.53324 821.000
74.54995 844.000
74.56666 765.000
74.58337 821.000
74.60008 831.000
74.61680 824.000
74.63351 836.000
74.65022 830.000
74.66693 801.000
74.68364 787.000
74.70035 822.000
74.71706 782.000
74.73377 809.000
74.75049 806.000
74.76720 791.000
74.78391 793.000
74.80062 842.000
74.81733 783.000
74.83404 880.000
74.85075 846.000
74.86746 790.000
74.88418 830.000
74.90089 814.000
74.91760 801.000
74.93431 778.000
74.95102 793.000
74.96773 833.000
74.98444 841.000
75.00115 833.000
75.01787 803.000
75.03458 820.000
75.05129 780.000
75.06800 752.000
75.08471 824.000
75.10142 815.000
75.11813 810.000
75.13484 821.000
75.15156 831.000
75.16827 808.000
75.18498 834.000
75.20169 857.000
75.21840 826.000
75.23511 823.000
75.25182 850.000
75.26853 826.000
75.28525 817.000
75.30196 815.000
75.31867 800.000
75.33538 817.000
75.35209 872.000
75.36880 844.000
75.38551 830.000
75.40222 859.000
75.41894 817.000
75.43565 851.000
75.45236 841.000
75.46907 843.000
75.48578 842.000
75.50249 819.000
75.51920 841.000
75.53592 783.000
75.55263 784.000
75.56934 831.000
75.58605 854.000
75.60276 853.000
75.61947 818.000
75.63618 867.000
75.65289 818.000
75.66961 798.000
75.68632 812.000
75.70303 799.000
75.71974 818.000
75.73645 823.000
75.75316 807.000
75.76987 878.000
75.78658 821.000
75.80330 812.000
75.82001 817.000
75.83672 771.000
75.85343 753.000
75.87014 811.000
75.88685 780.000
75.90356 812.000
75.92027 812.000
75.93699 816.000
75.95370 830.000
75.97041 762.000
75.98712 741.000
76.00383 825.000
76.02054 826.000
76.03725 806.000
76.05396 845.000
76.07068 827.000
76.08739 810.000
76.10410 733.000
76.12081 776.000
76.13752 824.000
76.15423 803.000
76.17094 789.000
76.18765 833.000
76.20437 766.000
76.22108 792.000
76.23779 881.000
76.25450 777.000
76.27121 731.000
76.28792 823.000
76.30463 832.000
76.32134 838.000
76.33806 789.000
76.35477 842.000
76.37148 817.000
76.38819 859.000
76.40490 813.000
76.42161 826.000
76.43832 766.000
76.45503 819.000
76.47175 848.000
76.48846 809.000
76.50517 865.000
76.52188 788.000
76.53859 778.000
76.55530 857.000
76.57201 826.000
76.58873 816.000
76.60544 855.000
76.62215 858.000
76.63886 815.000
76.65557 812.000
76.67228 814.000
76.68899 797.000
76.70570 806.000
76.72242 824.000
76.73913 824.000
76.75584 816.000
76.77255 837.000
76.78926 858.000
76.80597 841.000
76.82268 836.000
76.83939 839.000
76.85611 815.000
76.87282 823.000
76.88953 838.000
76.90624 787.000
76.92295 823.000
76.93966 821.000
76.95637 827.000
76.97308 844.000
76.98980 820.000
77.00651 836.000
77.02322 814.000
77.03993 823.000
77.05664 849.000
77.07335 808.000
77.09006 822.000
77.10677 837.000
77.12349 845.000
77.14020 803.000
77.15691 861.000
77.17362 868.000
77.19033 866.000
77.20704 806.000
77.22375 884.000
77.24046 868.000
77.25718 883.000
77.27389 887.000
77.29060 883.000
77.30731 872.000
77.32402 895.000
77.34073 937.000
77.35744 941.000
77.37415 870.000
77.39087 973.000
77.40758 955.000
77.42429 952.000
77.44100 1023.000
77.45771 1019.000
77.47442 1013.000
77.49113 1091.000
77.50784 1135.000
77.52456 1132.000
77.54127 1180.000
77.55798 1301.000
77.57469 1387.000
77.59140 1514.000
77.60811 1517.000
77.62482 1591.000
77.64154 1645.000
77.65825 1814.000
77.67496 1829.000
77.69167 1789.000
77.70838 1889.000
77.72509 1916.000
77.74180 1930.000
77.75851 1981.000
77.77523 1998.000
77.79194 2039.000
77.80865 2109.000
77.82536 2328.000
77.84207 2391.000
77.85878 2440.000
77.87549 2420.000
77.89220 2293.000
77.90892 2200.000
77.92563 2072.000
77.94234 1875.000
77.95905 1761.000
77.97576 1728.000
77.99247 1670.000
78.00918 1604.000
78.02589 1562.000
78.04261 1589.000
78.05932 1566.000
78.07603 1580.000
78.09274 1571.000
78.10945 1584.000
78.12616 1440.000
78.14287 1403.000
78.15958 1290.000
78.17630 1199.000
78.19301 1161.000
78.20972 1075.000
78.22643 1173.000
78.24314 1028.000
78.25985 950.000
78.27656 1003.000
78.29327 964.000
78.30999 949.000
78.32670 901.000
78.34341 922.000
78.36012 921.000
78.37683 888.000
78.39354 861.000
78.41025 925.000
78.42696 860.000
78.44368 878.000
78.46039 897.000
78.47710 888.000
78.49381 928.000
78.51052 875.000
78.52723 870.000
78.54394 822.000
78.56065 888.000
78.57737 903.000
78.59408 881.000
78.61079 866.000
78.62750 799.000
78.64421 845.000
78.66092 868.000
78.67763 904.000
78.69435 886.000
78.71106 894.000
78.72777 825.000
78.74448 846.000
78.76119 862.000
78.77790 882.000
78.79461 846.000
78.81132 861.000
78.82804 774.000
78.84475 846.000
78.86146 843.000
78.87817 806.000
78.89488 793.000
78.91159 861.000
78.92830 826.000
78.94501 784.000
78.96173 881.000
78.97844 803.000
78.99515 832.000
79.01186 809.000
79.02857 795.000
79.04528 775.000
79.06199 830.000
79.07870 785.000
79.09542 830.000
79.11213 878.000
79.12884 824.000
79.14555 874.000
79.16226 820.000
79.17897 833.000
79.19568 780.000
79.21239 794.000
79.22911 836.000
79.24582 803.000
79.26253 826.000
79.27924 867.000
79.29595 823.000
79.31266 814.000
79.32937 838.000
79.34608 844.000
79.36280 813.000
79.37951 782.000
79.39622 840.000
79.41293 811.000
79.42964 780.000
79.44635 841.000
79.46306 816.000
79.47977 845.000
79.49649 808.000
79.51320 870.000
79.52991 890.000
79.54662 765.000
79.56333 853.000
79.58004 823.000
79.59675 850.000
79.61346 827.000
79.63018 817.000
79.64689 783.000
79.66360 859.000
79.68031 845.000
79.69702 813.000
79.71373 816.000
79.73044 868.000
79.74716 913.000
79.76387 919.000
79.78058 866.000
79.79729 850.000
79.81400 828.000
79.83071 867.000
79.84742 932.000
79.86413 851.000
79.88085 910.000
79.89756 952.000
79.91427 988.000
79.93098 980.000
79.94769 1010.000
79.96440 1044.000
79.98111 1073.000
79.99782 1077.000
80.01454 1105.000
80.03125 1065.000
80.04796 1176.000
80.06467 1129.000
80.08138 1146.000
80.09809 1283.000
80.11480 1365.000
80.13151 1295.000
80.14823 1301.000
80.16494 1258.000
80.18165 1411.000
80.19836 1329.000
80.21507 1371.000
80.23178 1331.000
80.24849 1347.000
80.26520 1274.000
80.28192 1300.000
80.29863 1331.000
80.31534 1413.000
80.33205 1462.000
80.34876 1458.000
80.36547 1502.000
80.38218 1574.000
80.39889 1482.000
80.41561 1401.000
80.43232 1408.000
80.44903 1337.000
80.46574 1382.000
80.48245 1250.000
80.49916 1232.000
80.51587 1194.000
80.53258 1158.000
80.54930 1194.000
80.56601 1185.000
80.58272 1213.000
80.59943 1185.000
80.61614 1227.000
80.63285 1224.000
80.64956 1177.000
80.66627 1118.000
80.68299 1110.000
80.69970 1120.000
80.71641 1154.000
80.73312 1150.000
80.74983 1152.000
80.76654 1110.000
80.78325 1151.000
80.79997 1107.000
80.81668 1167.000
80.83339 1191.000
80.85010 1226.000
80.86681 1283.000
80.88352 1318.000
80.90023 1370.000
80.91694 1480.000
80.93366 1522.000
80.95037 1724.000
80.96708 1867.000
80.98379 2033.000
81.00050 2300.000
81.01721 2630.000
81.03392 2917.000
81.05063 3167.000
81.06735 3492.000
81.08406 3765.000
81.10077 3697.000
81.11748 3202.000
81.13419 2729.000
81.15090 2188.000
81.16761 1953.000
81.18432 1869.000
81.20104 1798.000
81.21775 1775.000
81.23446 1864.000
81.25117 1982.000
81.26788 2055.000
81.28459 2120.000
81.30130 2218.000
81.31801 2282.000
81.33473 2317.000
81.35144 2175.000
81.36815 2024.000
81.38486 1716.000
81.40157 1576.000
81.41828 1377.000
81.43499 1339.000
81.45170 1170.000
81.46842 1122.000
81.48513 1121.000
81.50184 1043.000
81.51855 1064.000
81.53526 1098.000
81.55197 1032.000
81.56868 972.000
81.58539 970.000
81.60211 939.000
81.61882 954.000
81.63553 958.000
81.65224 942.000
81.66895 934.000
81.68566 885.000
81.70237 885.000
81.71908 882.000
81.73580 920.000
81.75251 853.000
81.76922 890.000
81.78593 850.000
81.80264 835.000
81.81935 857.000
81.83606 846.000
81.85278 865.000
81.86949 883.000
81.88620 884.000
81.90291 838.000
81.91962 838.000
81.93633 868.000
81.95304 811.000
81.96975 865.000
81.98647 849.000
82.00318 831.000
82.01989 868.000
82.03660 899.000
82.05331 854.000
82.07002 867.000
82.08673 797.000
82.10344 854.000
82.12016 826.000
82.13687 836.000
82.15358 826.000
82.17029 824.000
82.18700 828.000
82.20371 803.000
82.22042 807.000
82.23713 854.000
82.25385 808.000
82.27056 746.000
82.28727 855.000
82.30398 819.000
82.32069 808.000
82.33740 818.000
82.35411 821.000
82.37082 806.000
82.38754 821.000
82.40425 817.000
82.42096 808.000
82.43767 764.000
82.45438 893.000
82.47109 844.000
82.48780 810.000
82.50451 806.000
82.52123 780.000
82.53794 840.000
82.55465 830.000
82.57136 828.000
82.58807 801.000
82.60478 778.000
82.62149 767.000
82.63820 859.000
82.65492 736.000
82.67163 824.000
82.68834 784.000
82.70505 753.000
82.72176 795.000
82.73847 795.000
82.75518 825.000
82.77189 814.000
82.78861 817.000
82.80532 786.000
82.82203 809.000
82.83874 806.000
82.85545 836.000
82.87216 796.000
82.88887 808.000
82.90559 819.000
82.92230 814.000
82.93901 827.000
82.95572 769.000
82.97243 824.000
82.98914 804.000
83.00585 801.000
83.02256 787.000
83.03928 784.000
83.05599 802.000
83.07270 744.000
83.08941 868.000
83.10612 773.000
83.12283 772.000
83.13954 817.000
83.15625 736.000
83.17297 796.000
83.18968 786.000
83.20639 753.000
83.22310 790.000
83.23981 738.000
83.25652 771.000
83.27323 835.000
83.28994 816.000
83.30666 798.000
83.32337 744.000
83.34008 770.000
83.35679 764.000
83.37350 742.000
83.39021 799.000
83.40692 755.000
83.42363 836.000
83.44035 776.000
83.45706 780.000
83.47377 751.000
83.49048 785.000
83.50719 732.000
83.52390 831.000
83.54061 813.000
83.55732 802.000
83.57404 760.000
83.59075 765.000
83.60746 778.000
83.62417 798.000
83.64088 777.000
83.65759 834.000
83.67430 726.000
83.69101 771.000
83.70773 767.000
83.72444 791.000
83.74115 833.000
83.75786 808.000
83.77457 801.000
83.79128 803.000
83.80799 820.000
83.82470 738.000
83.84142 768.000
83.85813 775.000
83.87484 838.000
83.89155 810.000
83.90826 783.000
83.92497 786.000
83.94168 770.000
83.95840 806.000
83.97511 761.000
83.99182 794.000
84.00853 811.000
84.02524 789.000
84.04195 749.000
84.05866 774.000
84.07537 791.000
84.09209 747.000
84.10880 825.000
84.12551 808.000
84.14222 761.000
84.15893 797.000
84.17564 809.000
84.19235 743.000
84.20906 842.000
84.22578 769.000
84.24249 821.000
84.25920 811.000
84.27591 822.000
84.29262 814.000
84.30933 772.000
84.32604 744.000
84.34275 766.000
84.35947 778.000
84.37618 787.000
84.39289 799.000
84.40960 773.000
84.42631 727.000
84.44302 791.000
84.45973 769.000
84.47644 790.000
84.49316 812.000
84.50987 763.000
84.52658 763.000
84.54329 810.000
84.56000 692.000
84.57671 751.000
84.59342 784.000
84.61013 740.000
84.62685 761.000
84.64356 763.000
84.66027 736.000
84.67698 798.000
84.69369 790.000
84.71040 794.000
84.72711 778.000
84.74382 803.000
84.76054 754.000
84.77725 826.000
84.79396 844.000
84.81067 771.000
84.82738 791.000
84.84409 836.000
84.86080 777.000
84.87751 789.000
84.89423 790.000
84.91094 832.000
84.92765 745.000
84.94436 773.000
84.96107 775.000
84.97778 819.000
84.99449 764.000
85.01121 772.000
85.02792 810.000
85.04463 820.000
85.06134 808.000
85.07805 803.000
85.09476 792.000
85.11147 785.000
85.12818 795.000
85.14490 780.000
85.16161 807.000
85.17832 807.000
85.19503 798.000
85.21174 820.000
85.22845 779.000
85.24516 790.000
85.26187 838.000
85.27859 772.000
85.29530 819.000
85.31201 807.000
85.32872 835.000
85.34543 801.000
85.36214 777.000
85.37885 843.000
85.39556 822.000
85.41228 788.000
85.42899 834.000
85.44570 776.000
85.46241 777.000
85.47912 845.000
85.49583 767.000
85.51254 807.000
85.52925 759.000
85.54597 783.000
85.56268 807.000
85.57939 808.000
85.59610 813.000
85.61281 765.000
85.62952 798.000
85.64623 800.000
85.66294 800.000
85.67966 794.000
85.69637 786.000
85.71308 751.000
85.72979 784.000
85.74650 837.000
85.76321 808.000
85.77992 808.000
85.79663 770.000
85.81335 784.000
85.83006 789.000
85.84677 769.000
85.86348 769.000
85.88019 775.000
85.89690 813.000
85.91361 779.000
85.93032 778.000
85.94704 835.000
85.96375 832.000
85.98046 795.000
85.99717 833.000
86.01388 802.000
86.03059 826.000
86.04730 785.000
86.06402 788.000
86.08073 780.000
86.09744 786.000
86.11415 783.000
86.13086 770.000
86.14757 772.000
86.16428 815.000
86.18099 797.000
86.19771 810.000
86.21442 749.000
86.23113 800.000
86.24784 794.000
86.26455 788.000
86.28126 802.000
86.29797 811.000
86.31468 868.000
86.33140 836.000
86.34811 806.000
86.36482 823.000
86.38153 802.000
86.39824 814.000
86.41495 701.000
86.43166 841.000
86.44837 877.000
86.46509 736.000
86.48180 837.000
86.49851 809.000
86.51522 790.000
86.53193 745.000
86.54864 819.000
86.56535 812.000
86.58206 828.000
86.59878 832.000
86.61549 760.000
86.63220 803.000
86.64891 770.000
86.66562 801.000
86.68233 816.000
86.69904 777.000
86.71575 784.000
86.73247 867.000
86.74918 828.000
86.76589 794.000
86.78260 773.000
86.79931 753.000
86.81602 828.000
86.83273 745.000
86.84944 811.000
86.86616 751.000
86.88287 814.000
86.89958 764.000
86.91629 813.000
86.93300 774.000
86.94971 825.000
86.96642 789.000
86.98313 817.000
86.99985 857.000
87.01656 803.000
87.03327 823.000
87.04998 788.000
87.06669 824.000
87.08340 821.000
87.10011 799.000
87.11683 843.000
87.13354 779.000
87.15025 787.000
87.16696 780.000
87.18367 783.000
87.20038 799.000
87.21709 800.000
87.23380 803.000
87.25052 790.000
87.26723 811.000
87.28394 817.000
87.30065 847.000
87.31736 815.000
87.33407 768.000
87.35078 813.000
87.36749 823.000
87.38421 882.000
87.40092 831.000
87.41763 828.000
87.43434 861.000
87.45105 886.000
87.46776 813.000
87.48447 806.000
87.50118 828.000
87.51790 877.000
87.53461 853.000
87.55132 855.000
87.56803 849.000
87.58474 909.000
87.60145 881.000
87.61816 894.000
87.63487 845.000
87.65159 895.000
87.66830 894.000
87.68501 933.000
87.70172 911.000
87.71843 939.000
87.73514 982.000
87.75185 1024.000
87.76856 973.000
87.78528 1041.000
87.80199 1050.000
87.81870 1011.000
87.83541 1067.000
87.85212 1132.000
87.86883 1237.000
87.88554 1246.000
87.90225 1427.000
87.91897 1506.000
87.93568 1530.000
87.95239 1591.000
87.96910 1571.000
87.98581 1605.000
88.00252 1690.000
88.01923 1711.000
88.03594 1728.000
88.05266 1778.000
88.06937 1790.000
88.08608 1788.000
88.10279 1727.000
88.11950 1689.000
88.13621 1625.000
88.15292 1614.000
88.16964 1573.000
88.18635 1603.000
88.20306 1571.000
88.21977 1541.000
88.23648 1531.000
88.25319 1504.000
88.26990 1517.000
88.28661 1501.000
88.30333 1490.000
88.32004 1479.000
88.33675 1491.000
88.35346 1533.000
88.37017 1520.000
88.38688 1456.000
88.40359 1360.000
88.42030 1328.000
88.43702 1314.000
88.45373 1265.000
88.47044 1214.000
88.48715 1216.000
88.50386 1212.000
88.52057 1145.000
88.53728 1183.000
88.55399 1225.000
88.57071 1229.000
88.58742 1190.000
88.60413 1234.000
88.62084 1157.000
88.63755 1200.000
88.65426 1182.000
88.67097 1237.000
88.68768 1265.000
88.70440 1227.000
88.72111 1262.000
88.73782 1297.000
88.75453 1320.000
88.77124 1338.000
88.78795 1274.000
88.80466 1298.000
88.82137 1267.000
88.83809 1286.000
88.85480 1295.000
88.87151 1278.000
88.88822 1270.000
88.90493 1213.000
88.92164 1229.000
88.93835 1168.000
88.95506 1151.000
88.97178 1167.000
88.98849 1061.000
89.00520 1138.000
89.02191 1079.000
89.03862 1099.000
89.05533 1115.000
89.07204 1088.000
89.08876 1001.000
89.10547 1075.000
89.12218 1064.000
89.13889 982.000
89.15560 1016.000
89.17231 937.000
89.18902 978.000
89.20573 949.000
89.22245 919.000
89.23916 969.000
89.25587 861.000
89.27258 909.000
89.28929 860.000
89.30600 868.000
89.32271 856.000
89.33942 841.000
89.35614 903.000
89.37285 838.000
89.38956 825.000
89.40627 846.000
89.42298 834.000
89.43969 826.000
89.45640 810.000
89.47311 836.000
89.48983 803.000
89.50654 874.000
89.52325 798.000
89.53996 813.000
89.55667 874.000
89.57338 830.000
89.59009 819.000
89.60680 842.000
89.62352 801.000
89.64023 801.000
89.65694 817.000
89.67365 788.000
89.69036 799.000
89.70707 809.000
89.72378 780.000
89.74049 858.000
89.75721 873.000
89.77392 813.000
89.79063 817.000
89.80734 789.000
89.82405 820.000
89.84076 799.000
89.85747 818.000
89.87418 854.000
89.89090 819.000
89.90761 810.000
89.92432 855.000
89.94103 766.000
89.95774 820.000
89.97445 889.000
89.99116 826.000
