5.01436 6742.000
5.03107 6744.000
5.04778 6779.000
5.06449 6760.000
5.08120 6588.000
5.09791 6580.000
5.11462 6673.000
5.13133 6571.000
5.14805 6378.000
5.16476 6616.000
5.18147 6279.000
5.19818 6409.000
5.21489 6397.000
5.23160 6205.000
5.24831 6375.000
5.26502 6216.000
5.28174 6358.000
5.29845 6236.000
5.31516 6355.000
5.33187 6254.000
5.34858 6092.000
5.36529 6051.000
5.38200 6234.000
5.39871 6024.000
5.41543 6189.000
5.43214 6107.000
5.44885 6203.000
5.46556 6011.000
5.48227 6006.000
5.49898 5687.000
5.51569 5928.000
5.53240 5942.000
5.54912 5943.000
5.56583 6002.000
5.58254 5981.000
5.59925 5912.000
5.61596 5873.000
5.63267 5814.000
5.64938 5763.000
5.66610 5871.000
5.68281 5799.000
5.69952 5776.000
5.71623 5681.000
5.73294 5858.000
5.74965 5616.000
5.76636 5598.000
5.78307 5626.000
5.79979 5530.000
5.81650 5675.000
5.83321 5507.000
5.84992 5514.000
5.86663 5589.000
5.88334 5639.000
5.90005 5475.000
5.91676 5510.000
5.93348 5389.000
5.95019 5250.000
5.96690 5434.000
5.98361 5450.000
6.00032 5429.000
6.01703 5355.000
6.03374 5368.000
6.05045 5481.000
6.06717 5406.000
6.08388 5456.000
6.10059 5379.000
6.11730 5230.000
6.13401 5339.000
6.15072 5161.000
6.16743 5048.000
6.18414 5214.000
6.20086 5114.000
6.21757 5020.000
6.23428 5080.000
6.25099 5038.000
6.26770 5110.000
6.28441 5312.000
6.30112 5040.000
6.31783 5058.000
6.33455 5036.000
6.35126 5057.000
6.36797 5038.000
6.38468 4954.000
6.40139 4925.000
6.41810 4875.000
6.43481 4817.000
6.45152 5057.000
6.46824 5009.000
6.48495 4952.000
6.50166 4867.000
6.51837 4811.000
6.53508 4763.000
6.55179 4755.000
6.56850 4782.000
6.58521 4769.000
6.60193 4849.000
6.61864 4743.000
6.63535 4680.000
6.65206 4727.000
6.66877 4692.000
6.68548 4697.000
6.70219 4741.000
6.71891 4582.000
6.73562 4576.000
6.75233 4699.000
6.76904 4564.000
6.78575 4644.000
6.80246 4698.000
6.81917 4512.000
6.83588 4554.000
6.85260 4528.000
6.86931 4561.000
6.88602 4487.000
6.90273 4537.000
6.91944 4613.000
6.93615 4533.000
6.95286 4499.000
6.96957 4390.000
6.98629 4315.000
7.00300 4411.000
7.01971 4422.000
7.03642 4411.000
7.05313 4422.000
7.06984 4368.000
7.08655 4303.000
7.10326 4349.000
7.11998 4324.000
7.13669 4282.000
7.15340 4399.000
7.17011 4314.000
7.18682 4333.000
7.20353 4230.000
7.22024 4219.000
7.23695 4366.000
7.25367 4251.000
7.27038 4284.000
7.28709 4196.000
7.30380 4292.000
7.32051 4317.000
7.33722 4318.000
7.35393 4161.000
7.37064 4225.000
7.38736 4298.000
7.40407 4272.000
7.42078 4206.000
7.43749 4104.000
7.45420 4068.000
7.47091 4158.000
7.48762 4186.000
7.50433 4137.000
7.52105 4108.000
7.53776 4148.000
7.55447 4094.000
7.57118 4059.000
7.58789 4080.000
7.60460 4102.000
7.62131 4026.000
7.63802 4088.000
7.65474 4044.000
7.67145 3935.000
7.68816 3953.000
7.70487 3970.000
7.72158 3980.000
7.73829 4040.000
7.75500 3992.000
7.77172 3986.000
7.78843 3904.000
7.80514 3878.000
7.82185 4012.000
7.83856 3977.000
7.85527 3762.000
7.87198 3909.000
7.88869 3918.000
7.90541 3977.000
7.92212 3903.000
7.93883 3886.000
7.95554 3928.000
7.97225 3827.000
7.98896 3865.000
8.00567 3801.000
8.02238 3767.000
8.03910 3844.000
8.05581 3831.000
8.07252 3902.000
8.08923 3791.000
8.10594 3822.000
8.12265 3718.000
8.13936 3822.000
8.15607 3774.000
8.17279 3853.000
8.18950 3879.000
8.20621 3853.000
8.22292 3804.000
8.23963 3842.000
8.25634 3746.000
8.27305 3815.000
8.28976 3758.000
8.30648 3830.000
8.32319 3630.000
8.33990 3655.000
8.35661 3803.000
8.37332 3666.000
8.39003 3775.000
8.40674 3775.000
8.42345 3783.000
8.44017 3798.000
8.45688 3628.000
8.47359 3751.000
8.49030 3803.000
8.50701 3746.000
8.52372 3802.000
8.54043 3758.000
8.55714 3635.000
8.57386 3612.000
8.59057 3723.000
8.60728 3782.000
8.62399 3627.000
8.64070 3717.000
8.65741 3665.000
8.67412 3650.000
8.69083 3738.000
8.70755 3568.000
8.72426 3711.000
8.74097 3569.000
8.75768 3556.000
8.77439 3677.000
8.79110 3578.000
8.80781 3590.000
8.82452 3635.000
8.84124 3565.000
8.85795 3743.000
8.87466 3684.000
8.89137 3576.000
8.90808 3555.000
8.92479 3519.000
8.94150 3604.000
8.95822 3564.000
8.97493 3632.000
8.99164 3579.000
9.00835 3528.000
9.02506 3504.000
9.04177 3557.000
9.05848 3621.000
9.07519 3668.000
9.09191 3572.000
9.10862 3607.000
9.12533 3547.000
9.14204 3537.000
9.15875 3507.000
9.17546 3561.000
9.19217 3535.000
9.20888 3512.000
9.22560 3477.000
9.24231 3362.000
9.25902 3543.000
9.27573 3524.000
9.29244 3512.000
9.30915 3541.000
9.32586 3504.000
9.34257 3447.000
9.35929 3550.000
9.37600 3436.000
9.39271 3455.000
9.40942 3420.000
9.42613 3386.000
9.44284 3483.000
9.45955 3589.000
9.47626 3546.000
9.49298 3425.000
9.50969 3459.000
9.52640 3386.000
9.54311 3459.000
9.55982 3374.000
9.57653 3500.000
9.59324 3512.000
9.60995 3495.000
9.62667 3457.000
9.64338 3353.000
9.66009 3487.000
9.67680 3574.000
9.69351 3381.000
9.71022 3518.000
9.72693 3426.000
9.74364 3442.000
9.76036 3290.000
9.77707 3454.000
9.79378 3463.000
9.81049 3442.000
9.82720 3465.000
9.84391 3385.000
9.86062 3425.000
9.87733 3349.000
9.89405 3490.000
9.91076 3389.000
9.92747 3360.000
9.94418 3336.000
9.96089 3310.000
9.97760 3426.000
9.99431 3455.000
10.01103 3379.000
10.02774 3339.000
10.04445 3348.000
10.06116 3372.000
10.07787 3288.000
10.09458 3403.000
10.11129 3432.000
10.12800 3371.000
10.14472 3362.000
10.16143 3362.000
10.17814 3439.000
10.19485 3361.000
10.21156 3287.000
10.22827 3393.000
10.24498 3424.000
10.26169 3420.000
10.27841 3176.000
10.29512 3320.000
10.31183 3271.000
10.32854 3371.000
10.34525 3414.000
10.36196 3317.000
10.37867 3308.000
10.39538 3315.000
10.41210 3415.000
10.42881 3344.000
10.44552 3416.000
10.46223 3439.000
10.47894 3389.000
10.49565 3317.000
10.51236 3287.000
10.52907 3336.000
10.54579 3447.000
10.56250 3359.000
10.57921 3293.000
10.59592 3297.000
10.61263 3297.000
10.62934 3267.000
10.64605 3382.000
10.66276 3287.000
10.67948 3380.000
10.69619 3370.000
10.71290 3362.000
10.72961 3277.000
10.74632 3339.000
10.76303 3410.000
10.77974 3420.000
10.79645 3443.000
10.81317 3391.000
10.82988 3422.000
10.84659 3510.000
10.86330 3449.000
10.88001 3432.000
10.89672 3531.000
10.91343 3460.000
10.93014 3596.000
10.94686 3706.000
10.96357 3504.000
10.98028 3802.000
10.99699 3691.000
11.01370 3757.000
11.03041 3867.000
11.04712 4030.000
11.06383 4261.000
11.08055 4442.000
11.09726 4631.000
11.11397 4942.000
11.13068 4980.000
11.14739 4938.000
11.16410 5009.000
11.18081 4886.000
11.19753 4937.000
11.21424 4560.000
11.23095 4409.000
11.24766 4215.000
11.26437 3958.000
11.28108 3740.000
11.29779 3513.000
11.31450 3464.000
11.33122 3412.000
11.34793 3298.000
11.36464 3409.000
11.38135 3339.000
11.39806 3288.000
11.41477 3384.000
11.43148 3388.000
11.44819 3253.000
11.46491 3384.000
11.48162 3317.000
11.49833 3194.000
11.51504 3240.000
11.53175 3243.000
11.54846 3360.000
11.56517 3210.000
11.58188 3268.000
11.59860 3204.000
11.61531 3283.000
11.63202 3213.000
11.64873 3171.000
11.66544 3171.000
11.68215 3222.000
11.69886 3391.000
11.71557 3300.000
11.73229 3290.000
11.74900 3276.000
11.76571 3195.000
11.78242 3290.000
11.79913 3325.000
11.81584 3197.000
11.83255 3204.000
11.84926 3224.000
11.86598 3153.000
11.88269 3241.000
11.89940 3251.000
11.91611 3217.000
11.93282 3108.000
11.94953 3172.000
11.96624 3212.000
11.98295 3212.000
11.99967 3203.000
12.01638 3127.000
12.03309 3172.000
12.04980 3050.000
12.06651 3234.000
12.08322 3085.000
12.09993 3273.000
12.11664 3184.000
12.13336 3222.000
12.15007 3189.000
12.16678 3213.000
12.18349 3357.000
12.20020 3189.000
12.21691 3217.000
12.23362 3149.000
12.25034 3216.000
12.26705 3206.000
12.28376 3290.000
12.30047 3171.000
12.31718 3226.000
12.33389 3158.000
12.35060 3190.000
12.36731 3153.000
12.38403 3261.000
12.40074 3121.000
12.41745 3098.000
12.43416 3185.000
12.45087 3129.000
12.46758 3213.000
12.48429 3311.000
12.50100 3140.000
12.51772 3157.000
12.53443 3132.000
12.55114 3211.000
12.56785 3248.000
12.58456 3205.000
12.60127 3107.000
12.61798 3167.000
12.63469 3196.000
12.65141 3167.000
12.66812 3115.000
12.68483 3160.000
12.70154 3212.000
12.71825 3192.000
12.73496 3267.000
12.75167 3189.000
12.76838 3116.000
12.78510 3170.000
12.80181 3121.000
12.81852 3074.000
12.83523 3140.000
12.85194 3084.000
12.86865 3117.000
12.88536 3183.000
12.90207 3146.000
12.91879 3045.000
12.93550 3255.000
12.95221 3102.000
12.96892 3208.000
12.98563 3117.000
13.00234 3131.000
13.01905 3078.000
13.03576 3109.000
13.05248 3234.000
13.06919 3062.000
13.08590 3029.000
13.10261 3137.000
13.11932 3089.000
13.13603 3068.000
13.15274 3065.000
13.16945 3133.000
13.18617 3176.000
13.20288 3152.000
13.21959 3026.000
13.23630 3156.000
13.25301 3069.000
13.26972 3159.000
13.28643 3035.000
13.30315 3072.000
13.31986 3049.000
13.33657 3159.000
13.35328 3076.000
13.36999 3176.000
13.38670 3051.000
13.40341 3160.000
13.42012 2998.000
13.43684 3205.000
13.45355 3112.000
13.47026 3241.000
13.48697 3041.000
13.50368 3047.000
13.52039 3035.000
13.53710 3134.000
13.55381 3218.000
13.57053 3145.000
13.58724 3066.000
13.60395 3181.000
13.62066 3170.000
13.63737 3248.000
13.65408 3151.000
13.67079 3133.000
13.68750 3202.000
13.70422 3176.000
13.72093 3324.000
13.73764 3275.000
13.75435 3416.000
13.77106 3472.000
13.78777 3438.000
13.80448 3584.000
13.82119 3635.000
13.83791 3738.000
13.85462 3944.000
13.87133 4125.000
13.88804 4343.000
13.90475 4561.000
13.92146 4838.000
13.93817 4883.000
13.95488 4732.000
13.97160 4503.000
13.98831 4451.000
14.00502 4144.000
14.02173 3958.000
14.03844 3697.000
14.05515 3504.000
14.07186 3328.000
14.08857 3179.000
14.10529 3291.000
14.12200 3190.000
14.13871 3122.000
14.15542 3179.000
14.17213 3116.000
14.18884 3018.000
14.20555 3136.000
14.22226 3114.000
14.23898 3000.000
14.25569 3210.000
14.27240 3134.000
14.28911 3117.000
14.30582 3013.000
14.32253 3016.000
14.33924 3119.000
14.35595 3037.000
14.37267 3063.000
14.38938 2983.000
14.40609 3099.000
14.42280 3046.000
14.43951 3088.000
14.45622 3064.000
14.47293 3042.000
14.48965 3194.000
14.50636 3026.000
14.52307 3062.000
14.53978 3057.000
14.55649 3053.000
14.57320 3111.000
14.58991 3071.000
14.60662 3027.000
14.62334 3007.000
14.64005 3027.000
14.65676 3108.000
14.67347 3054.000
14.69018 2986.000
14.70689 3101.000
14.72360 3039.000
14.74031 3025.000
14.75703 2976.000
14.77374 3108.000
14.79045 3052.000
14.80716 3038.000
14.82387 3015.000
14.84058 3064.000
14.85729 3135.000
14.87400 3022.000
14.89072 3018.000
14.90743 3088.000
14.92414 3108.000
14.94085 3072.000
14.95756 3059.000
14.97427 3068.000
14.99098 3011.000
15.00769 3042.000
15.02441 3130.000
15.04112 3093.000
15.05783 3121.000
15.07454 2996.000
15.09125 2993.000
15.10796 3073.000
15.12467 3022.000
15.14138 3138.000
15.15810 3144.000
15.17481 3053.000
15.19152 2988.000
15.20823 3117.000
15.22494 2986.000
15.24165 3066.000
15.25836 3164.000
15.27507 2992.000
15.29179 2927.000
15.30850 3048.000
15.32521 3044.000
15.34192 2928.000
15.35863 3080.000
15.37534 2983.000
15.39205 2993.000
15.40876 3045.000
15.42548 2981.000
15.44219 3017.000
15.45890 3049.000
15.47561 2982.000
15.49232 3065.000
15.50903 2907.000
15.52574 3016.000
15.54246 2972.000
15.55917 2985.000
15.57588 2975.000
15.59259 2957.000
15.60930 2972.000
15.62601 3043.000
15.64272 2859.000
15.65943 3026.000
15.67615 3034.000
15.69286 3082.000
15.70957 3080.000
15.72628 3043.000
15.74299 3067.000
15.75970 3039.000
15.77641 2973.000
15.79312 3018.000
15.80984 3031.000
15.82655 3085.000
15.84326 3084.000
15.85997 3107.000
15.87668 3001.000
15.89339 3136.000
15.91010 3034.000
15.92681 3019.000
15.94353 3011.000
15.96024 3104.000
15.97695 2974.000
15.99366 2996.000
16.01037 3112.000
16.02708 2914.000
16.04379 2993.000
16.06050 2969.000
16.07722 2957.000
16.09393 3139.000
16.11064 3038.000
16.12735 3093.000
16.14406 3129.000
16.16077 3175.000
16.17748 3184.000
16.19419 3179.000
16.21091 3087.000
16.22762 3252.000
16.24433 3165.000
16.26104 3158.000
16.27775 3259.000
16.29446 3291.000
16.31117 3341.000
16.32788 3333.000
16.34460 3384.000
16.36131 3335.000
16.37802 3511.000
16.39473 3534.000
16.41144 3573.000
16.42815 3782.000
16.44486 3915.000
16.46157 4243.000
16.47829 4354.000
16.49500 4601.000
16.51171 4770.000
16.52842 5297.000
16.54513 6164.000
16.56184 7474.000
16.57855 8566.000
16.59527 9768.000
16.61198 10711.000
16.62869 11399.000
16.64540 11712.000
16.66211 11459.000
16.67882 10978.000
16.69553 10214.000
16.71224 9390.000
16.72896 8057.000
16.74567 6723.000
16.76238 5853.000
16.77909 5141.000
16.79580 4549.000
16.81251 4178.000
16.82922 4026.000
16.84593 3955.000
16.86265 3757.000
16.87936 3509.000
16.89607 3474.000
16.91278 3516.000
16.92949 3530.000
16.94620 3445.000
16.96291 3400.000
16.97962 3428.000
16.99634 3412.000
17.01305 3333.000
17.02976 3372.000
17.04647 3408.000
17.06318 3475.000
17.07989 3409.000
17.09660 3337.000
17.11331 3373.000
17.13003 3362.000
17.14674 3352.000
17.16345 3332.000
17.18016 3393.000
17.19687 3347.000
17.21358 3437.000
17.23029 3538.000
17.24700 3378.000
17.26372 3569.000
17.28043 3582.000
17.29714 3727.000
17.31385 3963.000
17.33056 4207.000
17.34727 4331.000
17.36398 4662.000
17.38069 4881.000
17.39741 5033.000
17.41412 5124.000
17.43083 5031.000
17.44754 4948.000
17.46425 4911.000
17.48096 4715.000
17.49767 4395.000
17.51438 4194.000
17.53110 3912.000
17.54781 3601.000
17.56452 3573.000
17.58123 3389.000
17.59794 3397.000
17.61465 3229.000
17.63136 3260.000
17.64807 3272.000
17.66479 3171.000
17.68150 3344.000
17.69821 3382.000
17.71492 3228.000
17.73163 3250.000
17.74834 3204.000
17.76505 3171.000
17.78177 3153.000
17.79848 3226.000
17.81519 3308.000
17.83190 3191.000
17.84861 3251.000
17.86532 3141.000
17.88203 3262.000
17.89874 3167.000
17.91546 3232.000
17.93217 3211.000
17.94888 3217.000
17.96559 3220.000
17.98230 3310.000
17.99901 3232.000
18.01572 3267.000
18.03243 3236.000
18.04915 3291.000
18.06586 3134.000
18.08257 3216.000
18.09928 3222.000
18.11599 3317.000
18.13270 3323.000
18.14941 3193.000
18.16612 3162.000
18.18284 3242.000
18.19955 3210.000
18.21626 3223.000
18.23297 3284.000
18.24968 3211.000
18.26639 3148.000
18.28310 3168.000
18.29981 3149.000
18.31653 3202.000
18.33324 3237.000
18.34995 3252.000
18.36666 3187.000
18.38337 3132.000
18.40008 3147.000
18.41679 3176.000
18.43350 3078.000
18.45022 3093.000
18.46693 3140.000
18.48364 3034.000
18.50035 3164.000
18.51706 3073.000
18.53377 3141.000
18.55048 3093.000
18.56719 3065.000
18.58391 3117.000
18.60062 3082.000
18.61733 3028.000
18.63404 3062.000
18.65075 3069.000
18.66746 3153.000
18.68417 3071.000
18.70088 3070.000
18.71760 3094.000
18.73431 2998.000
18.75102 3056.000
18.76773 3109.000
18.78444 3035.000
18.80115 3034.000
18.81786 3116.000
18.83458 3141.000
18.85129 3139.000
18.86800 3021.000
18.88471 3162.000
18.90142 3146.000
18.91813 3030.000
18.93484 3093.000
18.95155 3144.000
18.96827 3018.000
18.98498 3191.000
19.00169 2996.000
19.01840 3054.000
19.03511 3084.000
19.05182 3108.000
19.06853 3133.000
19.08524 3022.000
19.10196 3166.000
19.11867 3028.000
19.13538 3095.000
19.15209 3087.000
19.16880 3081.000
19.18551 3073.000
19.20222 3099.000
19.21893 3033.000
19.23565 3097.000
19.25236 3118.000
19.26907 3085.000
19.28578 3129.000
19.30249 3121.000
19.31920 3094.000
19.33591 3077.000
19.35262 3060.000
19.36934 3104.000
19.38605 3044.000
19.40276 2992.000
19.41947 3083.000
19.43618 3074.000
19.45289 2959.000
19.46960 2958.000
19.48631 3134.000
19.50303 3052.000
19.51974 3095.000
19.53645 2997.000
19.55316 3081.000
19.56987 3088.000
19.58658 3090.000
19.60329 3070.000
19.62000 3060.000
19.63672 3059.000
19.65343 3186.000
19.67014 3107.000
19.68685 3020.000
19.70356 3131.000
19.72027 2983.000
19.73698 3027.000
19.75369 3074.000
19.77041 2925.000
19.78712 2956.000
19.80383 3109.000
19.82054 3040.000
19.83725 3007.000
19.85396 3100.000
19.87067 3010.000
19.88739 3042.000
19.90410 2969.000
19.92081 2907.000
19.93752 3117.000
19.95423 2962.000
19.97094 3096.000
19.98765 3009.000
20.00436 2989.000
20.02108 3109.000
20.03779 2955.000
20.05450 3059.000
20.07121 3037.000
20.08792 2996.000
20.10463 3081.000
20.12134 3000.000
20.13805 3098.000
20.15477 3029.000
20.17148 3118.000
20.18819 3009.000
20.20490 3028.000
20.22161 2975.000
20.23832 3060.000
20.25503 2977.000
20.27174 3151.000
20.28846 3036.000
20.30517 2935.000
20.32188 3099.000
20.33859 3149.000
20.35530 3092.000
20.37201 3037.000
20.38872 3034.000
20.40543 2995.000
20.42215 3045.000
20.43886 2942.000
20.45557 3035.000
20.47228 3051.000
20.48899 3128.000
20.50570 3107.000
20.52241 3134.000
20.53912 3065.000
20.55584 2978.000
20.57255 2970.000
20.58926 3047.000
20.60597 3089.000
20.62268 3144.000
20.63939 2989.000
20.65610 3098.000
20.67281 2874.000
20.68953 3052.000
20.70624 3098.000
20.72295 3089.000
20.73966 3007.000
20.75637 3083.000
20.77308 3125.000
20.78979 3089.000
20.80650 3067.000
20.82322 3081.000
20.83993 3000.000
20.85664 3030.000
20.87335 3080.000
20.89006 3120.000
20.90677 3101.000
20.92348 3059.000
20.94019 3057.000
20.95691 3046.000
20.97362 3152.000
20.99033 3004.000
21.00704 3063.000
21.02375 3044.000
21.04046 3130.000
21.05717 3094.000
21.07389 3132.000
21.09060 3012.000
21.10731 3031.000
21.12402 3130.000
21.14073 3108.000
21.15744 3096.000
21.17415 3022.000
21.19086 3058.000
21.20758 3106.000
21.22429 3175.000
21.24100 3015.000
21.25771 3094.000
21.27442 3146.000
21.29113 3143.000
21.30784 3114.000
21.32455 3153.000
21.34127 3227.000
21.35798 3156.000
21.37469 3230.000
21.39140 3190.000
21.40811 3216.000
21.42482 3224.000
21.44153 3308.000
21.45824 3343.000
21.47496 3397.000
21.49167 3375.000
21.50838 3451.000
21.52509 3609.000
21.54180 3757.000
21.55851 3911.000
21.57522 4083.000
21.59193 4266.000
21.60865 4509.000
21.62536 4766.000
21.64207 4623.000
21.65878 4836.000
21.67549 4608.000
21.69220 4570.000
21.70891 4483.000
21.72562 4247.000
21.74234 3997.000
21.75905 3928.000
21.77576 3634.000
21.79247 3511.000
21.80918 3594.000
21.82589 3485.000
21.84260 3455.000
21.85931 3466.000
21.87603 3407.000
21.89274 3518.000
21.90945 3632.000
21.92616 3780.000
21.94287 3795.000
21.95958 4092.000
21.97629 4123.000
21.99300 4505.000
22.00972 4907.000
22.02643 5266.000
22.04314 5639.000
22.05985 5943.000
22.07656 6282.000
22.09327 6360.000
22.10998 6323.000
22.12670 6367.000
22.14341 6166.000
22.16012 5965.000
22.17683 5459.000
22.19354 5057.000
22.21025 4851.000
22.22696 4330.000
22.24367 4244.000
22.26039 3833.000
22.27710 3709.000
22.29381 3650.000
22.31052 3592.000
22.32723 3568.000
22.34394 3612.000
22.36065 3651.000
22.37736 3655.000
22.39408 3756.000
22.41079 3954.000
22.42750 4044.000
22.44421 4509.000
22.46092 4683.000
22.47763 4908.000
22.49434 5183.000
22.51105 5300.000
22.52777 5044.000
22.54448 4970.000
22.56119 5043.000
22.57790 4627.000
22.59461 4405.000
22.61132 4302.000
22.62803 4012.000
22.64474 3853.000
22.66146 3768.000
22.67817 3495.000
22.69488 3476.000
22.71159 3348.000
22.72830 3275.000
22.74501 3343.000
22.76172 3296.000
22.77843 3258.000
22.79515 3385.000
22.81186 3249.000
22.82857 3237.000
22.84528 3470.000
22.86199 3283.000
22.87870 3333.000
22.89541 3285.000
22.91212 3369.000
22.92884 3380.000
22.94555 3371.000
22.96226 3397.000
22.97897 3496.000
22.99568 3562.000
23.01239 3483.000
23.02910 3539.000
23.04581 3544.000
23.06253 3523.000
23.07924 3433.000
23.09595 3485.000
23.11266 3412.000
23.12937 3423.000
23.14608 3535.000
23.16279 3291.000
23.17951 3474.000
23.19622 3296.000
23.21293 3377.000
23.22964 3453.000
23.24635 3393.000
23.26306 3375.000
23.27977 3433.000
23.29648 3236.000
23.31320 3394.000
23.32991 3467.000
23.34662 3451.000
23.36333 3353.000
23.38004 3242.000
23.39675 3333.000
23.41346 3352.000
23.43017 3391.000
23.44689 3514.000
23.46360 3270.000
23.48031 3371.000
23.49702 3369.000
23.51373 3391.000
23.53044 3230.000
23.54715 3322.000
23.56386 3367.000
23.58058 3300.000
23.59729 3381.000
23.61400 3379.000
23.63071 3477.000
23.64742 3348.000
23.66413 3381.000
23.68084 3400.000
23.69755 3471.000
23.71427 3427.000
23.73098 3513.000
23.74769 3557.000
23.76440 3520.000
23.78111 3771.000
23.79782 3937.000
23.81453 4040.000
23.83124 4297.000
23.84796 4574.000
23.86467 5094.000
23.88138 5465.000
23.89809 5577.000
23.91480 5886.000
23.93151 6121.000
23.94822 5989.000
23.96493 5950.000
23.98165 5673.000
23.99836 5355.000
24.01507 5013.000
24.03178 4732.000
24.04849 4366.000
24.06520 4143.000
24.08191 4033.000
24.09862 3838.000
24.11534 3645.000
24.13205 3681.000
24.14876 3617.000
24.16547 3473.000
24.18218 3514.000
24.19889 3485.000
24.21560 3480.000
24.23231 3355.000
24.24903 3445.000
24.26574 3449.000
24.28245 3239.000
24.29916 3347.000
24.31587 3445.000
24.33258 3494.000
24.34929 3399.000
24.36601 3406.000
24.38272 3544.000
24.39943 3382.000
24.41614 3379.000
24.43285 3491.000
24.44956 3366.000
24.46627 3368.000
24.48298 3500.000
24.49970 3426.000
24.51641 3308.000
24.53312 3344.000
24.54983 3352.000
24.56654 3291.000
24.58325 3321.000
24.59996 3416.000
24.61667 3473.000
24.63339 3373.000
24.65010 3234.000
24.66681 3448.000
24.68352 3361.000
24.70023 3496.000
24.71694 3331.000
24.73365 3344.000
24.75036 3337.000
24.76708 3358.000
24.78379 3395.000
24.80050 3309.000
24.81721 3431.000
24.83392 3481.000
24.85063 3440.000
24.86734 3351.000
24.88405 3357.000
24.90077 3405.000
24.91748 3299.000
24.93419 3403.000
24.95090 3409.000
24.96761 3429.000
24.98432 3390.000
25.00103 3455.000
25.01774 3463.000
25.03446 3469.000
25.05117 3442.000
25.06788 3555.000
25.08459 3466.000
25.10130 3407.000
25.11801 3218.000
25.13472 3372.000
25.15143 3374.000
25.16815 3311.000
25.18486 3410.000
25.20157 3466.000
25.21828 3489.000
25.23499 3391.000
25.25170 3389.000
25.26841 3413.000
25.28512 3404.000
25.30184 3473.000
25.31855 3467.000
25.33526 3464.000
25.35197 3472.000
25.36868 3349.000
25.38539 3493.000
25.40210 3515.000
25.41882 3442.000
25.43553 3377.000
25.45224 3452.000
25.46895 3460.000
25.48566 3469.000
25.50237 3347.000
25.51908 3519.000
25.53579 3407.000
25.55251 3421.000
25.56922 3360.000
25.58593 3304.000
25.60264 3413.000
25.61935 3388.000
25.63606 3396.000
25.65277 3410.000
25.66948 3476.000
25.68620 3473.000
25.70291 3465.000
25.71962 3602.000
25.73633 3451.000
25.75304 3523.000
25.76975 3459.000
25.78646 3325.000
25.80317 3461.000
25.81989 3510.000
25.83660 3555.000
25.85331 3484.000
25.87002 3573.000
25.88673 3532.000
25.90344 3487.000
25.92015 3587.000
25.93686 3558.000
25.95358 3466.000
25.97029 3527.000
25.98700 3469.000
26.00371 3575.000
26.02042 3592.000
26.03713 3705.000
26.05384 3594.000
26.07055 3668.000
26.08727 3687.000
26.10398 3753.000
26.12069 3991.000
26.13740 4019.000
26.15411 4106.000
26.17082 4193.000
26.18753 4197.000
26.20424 4518.000
26.22096 4558.000
26.23767 4613.000
26.25438 4497.000
26.27109 4256.000
26.28780 4346.000
26.30451 4259.000
26.32122 4232.000
26.33793 3965.000
26.35465 3890.000
26.37136 3976.000
26.38807 3981.000
26.40478 3855.000
26.42149 4076.000
26.43820 3961.000
26.45491 4160.000
26.47162 4376.000
26.48834 4510.000
26.50505 4510.000
26.52176 4496.000
26.53847 4430.000
26.55518 4571.000
26.57189 4612.000
26.58860 4491.000
26.60532 4684.000
26.62203 4776.000
26.63874 4830.000
26.65545 4983.000
26.67216 5021.000
26.68887 5006.000
26.70558 5034.000
26.72229 5207.000
26.73901 5005.000
26.75572 4840.000
26.77243 4627.000
26.78914 4447.000
26.80585 4274.000
26.82256 3968.000
26.83927 3975.000
26.85598 3768.000
26.87270 3680.000
26.88941 3605.000
26.90612 3682.000
26.92283 3573.000
26.93954 3642.000
26.95625 3445.000
26.97296 3556.000
26.98967 3532.000
27.00639 3601.000
27.02310 3605.000
27.03981 3575.000
27.05652 3575.000
27.07323 3551.000
27.08994 3675.000
27.10665 3712.000
27.12336 3556.000
27.14008 3550.000
27.15679 3594.000
27.17350 3539.000
27.19021 3627.000
27.20692 3631.000
27.22363 3555.000
27.24034 3557.000
27.25705 3555.000
27.27377 3503.000
27.29048 3494.000
27.30719 3542.000
27.32390 3554.000
27.34061 3559.000
27.35732 3595.000
27.37403 3575.000
27.39074 3479.000
27.40746 3655.000
27.42417 3556.000
27.44088 3666.000
27.45759 3516.000
27.47430 3509.000
27.49101 3550.000
27.50772 3558.000
27.52443 3537.000
27.54115 3599.000
27.55786 3592.000
27.57457 3576.000
27.59128 3563.000
27.60799 3567.000
27.62470 3603.000
27.64141 3597.000
27.65813 3598.000
27.67484 3660.000
27.69155 3566.000
27.70826 3632.000
27.72497 3586.000
27.74168 3548.000
27.75839 3660.000
27.77510 3535.000
27.79182 3559.000
27.80853 3432.000
27.82524 3500.000
27.84195 3565.000
27.85866 3610.000
27.87537 3548.000
27.89208 3688.000
27.90879 3668.000
27.92551 3550.000
27.94222 3657.000
27.95893 3680.000
27.97564 3611.000
27.99235 3641.000
28.00906 3646.000
28.02577 3575.000
28.04248 3504.000
28.05920 3653.000
28.07591 3642.000
28.09262 3626.000
28.10933 3570.000
28.12604 3726.000
28.14275 3573.000
28.15946 3733.000
28.17617 3639.000
28.19289 3634.000
28.20960 3625.000
28.22631 3565.000
28.24302 3549.000
28.25973 3662.000
28.27644 3527.000
28.29315 3702.000
28.30986 3617.000
28.32658 3615.000
28.34329 3720.000
28.36000 3673.000
28.37671 3591.000
28.39342 3662.000
28.41013 3734.000
28.42684 3649.000
28.44355 3522.000
28.46027 3684.000
28.47698 3512.000
28.49369 3644.000
28.51040 3611.000
28.52711 3637.000
28.54382 3716.000
28.56053 3610.000
28.57724 3596.000
28.59396 3675.000
28.61067 3623.000
28.62738 3665.000
28.64409 3732.000
28.66080 3609.000
28.67751 3701.000
28.69422 3694.000
28.71094 3656.000
28.72765 3582.000
28.74436 3542.000
28.76107 3659.000
28.77778 3584.000
28.79449 3638.000
28.81120 3670.000
28.82791 3656.000
28.84463 3654.000
28.86134 3631.000
28.87805 3704.000
28.89476 3712.000
28.91147 3627.000
28.92818 3627.000
28.94489 3698.000
28.96160 3573.000
28.97832 3644.000
28.99503 3633.000
29.01174 3779.000
29.02845 3668.000
29.04516 3615.000
29.06187 3647.000
29.07858 3752.000
29.09529 3683.000
29.11201 3697.000
29.12872 3694.000
29.14543 3687.000
29.16214 3675.000
29.17885 3679.000
29.19556 3730.000
29.21227 3621.000
29.22898 3765.000
29.24570 3629.000
29.26241 3728.000
29.27912 3688.000
29.29583 3631.000
29.31254 3628.000
29.32925 3708.000
29.34596 3637.000
29.36267 3755.000
29.37939 3851.000
29.39610 3770.000
29.41281 3725.000
29.42952 3761.000
29.44623 3729.000
29.46294 3911.000
29.47965 3786.000
29.49636 3881.000
29.51308 3922.000
29.52979 3989.000
29.54650 4234.000
29.56321 4255.000
29.57992 4376.000
29.59663 4550.000
29.61334 4878.000
29.63005 5060.000
29.64677 4999.000
29.66348 4937.000
29.68019 5052.000
29.69690 4874.000
29.71361 4918.000
29.73032 4720.000
29.74703 4602.000
29.76374 4300.000
29.78046 4249.000
29.79717 4251.000
29.81388 4089.000
29.83059 4005.000
29.84730 3966.000
29.86401 3852.000
29.88072 3816.000
29.89744 3872.000
29.91415 3726.000
29.93086 3799.000
29.94757 3856.000
29.96428 3806.000
29.98099 3735.000
29.99770 3925.000
30.01441 3832.000
30.03113 3856.000
30.04784 3722.000
30.06455 3803.000
30.08126 3777.000
30.09797 3683.000
30.11468 3805.000
30.13139 3707.000
30.14810 3751.000
30.16482 3825.000
30.18153 3731.000
30.19824 3888.000
30.21495 3785.000
30.23166 3720.000
30.24837 3810.000
30.26508 3870.000
30.28179 3662.000
30.29851 3831.000
30.31522 3859.000
30.33193 3808.000
30.34864 3882.000
30.36535 3913.000
30.38206 3893.000
30.39877 3889.000
30.41548 3945.000
30.43220 3893.000
30.44891 3869.000
30.46562 3810.000
30.48233 3938.000
30.49904 3884.000
30.51575 3931.000
30.53246 3796.000
30.54917 3919.000
30.56589 3809.000
30.58260 3948.000
30.59931 3793.000
30.61602 3752.000
30.63273 3774.000
30.64944 3846.000
30.66615 3705.000
30.68286 3809.000
30.69958 3907.000
30.71629 3866.000
30.73300 3866.000
30.74971 3945.000
30.76642 3948.000
30.78313 3918.000
30.79984 3895.000
30.81655 4065.000
30.83327 4128.000
30.84998 4153.000
30.86669 4363.000
30.88340 4409.000
30.90011 4512.000
30.91682 4650.000
30.93353 4600.000
30.95025 4479.000
30.96696 4696.000
30.98367 4484.000
31.00038 4515.000
31.01709 4354.000
31.03380 4354.000
31.05051 4308.000
31.06722 4071.000
31.08394 4063.000
31.10065 3927.000
31.11736 3962.000
31.13407 3879.000
31.15078 3935.000
31.16749 3879.000
31.18420 3976.000
31.20091 3808.000
31.21763 3847.000
31.23434 3849.000
31.25105 3915.000
31.26776 3964.000
31.28447 3848.000
31.30118 3812.000
31.31789 3869.000
31.33460 3860.000
31.35132 3948.000
31.36803 3853.000
31.38474 3823.000
31.40145 3801.000
31.41816 3763.000
31.43487 3856.000
31.45158 3858.000
31.46829 3927.000
31.48501 3985.000
31.50172 3834.000
31.51843 3903.000
31.53514 3802.000
31.55185 3711.000
31.56856 3909.000
31.58527 3933.000
31.60198 3933.000
31.61870 3841.000
31.63541 4148.000
31.65212 3888.000
31.66883 3921.000
31.68554 3814.000
31.70225 3935.000
31.71896 3929.000
31.73567 3850.000
31.75239 3848.000
31.76910 4016.000
31.78581 3873.000
31.80252 3874.000
31.81923 3983.000
31.83594 4006.000
31.85265 3916.000
31.86936 4058.000
31.88608 3910.000
31.90279 4076.000
31.91950 3987.000
31.93621 4035.000
31.95292 3958.000
31.96963 3896.000
31.98634 3935.000
32.00306 4110.000
32.01977 4279.000
32.03648 4123.000
32.05319 4056.000
32.06990 4172.000
32.08661 4076.000
32.10332 4147.000
32.12003 4283.000
32.13675 4393.000
32.15346 4535.000
32.17017 4799.000
32.18688 4772.000
32.20359 4972.000
32.22030 4970.000
32.23701 5065.000
32.25372 5119.000
32.27044 5050.000
32.28715 4897.000
32.30386 4991.000
32.32057 4828.000
32.33728 4763.000
32.35399 4664.000
32.37070 4581.000
32.38741 4386.000
32.40413 4401.000
32.42084 4268.000
32.43755 4399.000
32.45426 4514.000
32.47097 4347.000
32.48768 4426.000
32.50439 4176.000
32.52110 4363.000
32.53782 4480.000
32.55453 4460.000
32.57124 4648.000
32.58795 4699.000
32.60466 4948.000
32.62137 5360.000
32.63808 5849.000
32.65479 6113.000
32.67151 6454.000
32.68822 6851.000
32.70493 7189.000
32.72164 7439.000
32.73835 7524.000
32.75506 7515.000
32.77177 7626.000
32.78848 7427.000
32.80520 7310.000
32.82191 7237.000
32.83862 7288.000
32.85533 7117.000
32.87204 6853.000
32.88875 6510.000
32.90546 6279.000
32.92217 6158.000
32.93889 5888.000
32.95560 5746.000
32.97231 5547.000
32.98902 5430.000
33.00573 5230.000
33.02244 5207.000
33.03915 5171.000
33.05586 5077.000
33.07258 4939.000
33.08929 4922.000
33.10600 4880.000
33.12271 4923.000
33.13942 4952.000
33.15613 4777.000
33.17284 4897.000
33.18956 5279.000
33.20627 5644.000
33.22298 6091.000
33.23969 6545.000
33.25640 7179.000
33.27311 7721.000
33.28982 7702.000
33.30653 7863.000
33.32325 8000.000
33.33996 8163.000
33.35667 7947.000
33.37338 7326.000
33.39009 6787.000
33.40680 6196.000
33.42351 5946.000
33.44022 5573.000
33.45694 5209.000
33.47365 5032.000
33.49036 4744.000
33.50707 4531.000
33.52378 4343.000
33.54049 4236.000
33.55720 4280.000
33.57391 4322.000
33.59063 4281.000
33.60734 4205.000
33.62405 4191.000
33.64076 4160.000
33.65747 4220.000
33.67418 4167.000
33.69089 4316.000
33.70760 4143.000
33.72432 4246.000
33.74103 4363.000
33.75774 4181.000
33.77445 4220.000
33.79116 4274.000
33.80787 4498.000
33.82458 4602.000
33.84129 4646.000
33.85801 4772.000
33.87472 5215.000
33.89143 5298.000
33.90814 5643.000
33.92485 6650.000
33.94156 7469.000
33.95827 8459.000
33.97498 9341.000
33.99170 9910.000
34.00841 10436.000
34.02512 10777.000
34.04183 10613.000
34.05854 10326.000
34.07525 9993.000
34.09196 9377.000
34.10867 8806.000
34.12539 8002.000
34.14210 7179.000
34.15881 6426.000
34.17552 6020.000
34.19223 5537.000
34.20894 5221.000
34.22565 4747.000
34.24237 4697.000
34.25908 4598.000
34.27579 4588.000
34.29250 4528.000
34.30921 4721.000
34.32592 4685.000
34.34263 4843.000
34.35934 4934.000
34.37606 5272.000
34.39277 5704.000
34.40948 6361.000
34.42619 6776.000
34.44290 7028.000
34.45961 7423.000
34.47632 7510.000
34.49303 7516.000
34.50975 7598.000
34.52646 7260.000
34.54317 7023.000
34.55988 6524.000
34.57659 6026.000
34.59330 5896.000
34.61001 5493.000
34.62672 5223.000
34.64344 4887.000
34.66015 4855.000
34.67686 4579.000
34.69357 4629.000
34.71028 4408.000
34.72699 4516.000
34.74370 4361.000
34.76041 4391.000
34.77713 4401.000
34.79384 4326.000
34.81055 4466.000
34.82726 4299.000
34.84397 4653.000
34.86068 4589.000
34.87739 4662.000
34.89410 4661.000
34.91082 4660.000
34.92753 4827.000
34.94424 4838.000
34.96095 4561.000
34.97766 4626.000
34.99437 4587.000
35.01108 4347.000
35.02779 4330.000
35.04451 4352.000
35.06122 4318.000
35.07793 4253.000
35.09464 4187.000
35.11135 4267.000
35.12806 4189.000
35.14477 4164.000
35.16148 4215.000
35.17820 4203.000
35.19491 4146.000
35.21162 4139.000
35.22833 4101.000
35.24504 4184.000
35.26175 4260.000
35.27846 4268.000
35.29518 4122.000
35.31189 4259.000
35.32860 4246.000
35.34531 4094.000
35.36202 4146.000
35.37873 4227.000
35.39544 4275.000
35.41215 4305.000
35.42887 4279.000
35.44558 4221.000
35.46229 4334.000
35.47900 4332.000
35.49571 4247.000
35.51242 4380.000
35.52913 4338.000
35.54584 4460.000
35.56256 4384.000
35.57927 4302.000
35.59598 4178.000
35.61269 4384.000
35.62940 4271.000
35.64611 4232.000
35.66282 4391.000
35.67953 4301.000
35.69625 4503.000
35.71296 4451.000
35.72967 4360.000
35.74638 4732.000
35.76309 4760.000
35.77980 4911.000
35.79651 5029.000
35.81322 5050.000
35.82994 4955.000
35.84665 5023.000
35.86336 5049.000
35.88007 5103.000
35.89678 4825.000
35.91349 4871.000
35.93020 4763.000
35.94691 4718.000
35.96363 4535.000
35.98034 4607.000
35.99705 4508.000
36.01376 4479.000
36.03047 4344.000
36.04718 4231.000
36.06389 4389.000
36.08060 4367.000
36.09732 4446.000
36.11403 4450.000
36.13074 4371.000
36.14745 4520.000
36.16416 4362.000
36.18087 4299.000
36.19758 4603.000
36.21429 4416.000
36.23101 4332.000
36.24772 4471.000
36.26443 4443.000
36.28114 4350.000
36.29785 4326.000
36.31456 4294.000
36.33127 4384.000
36.34798 4352.000
36.36470 4230.000
36.38141 4187.000
36.39812 4436.000
36.41483 4232.000
36.43154 4229.000
36.44825 4229.000
36.46496 4379.000
36.48168 4269.000
36.49839 4257.000
36.51510 4228.000
36.53181 4276.000
36.54852 4338.000
36.56523 4196.000
36.58194 4205.000
36.59865 4398.000
36.61537 4299.000
36.63208 4373.000
36.64879 4266.000
36.66550 4323.000
36.68221 4282.000
36.69892 4255.000
36.71563 4204.000
36.73234 4293.000
36.74906 4279.000
36.76577 4362.000
36.78248 4295.000
36.79919 4253.000
36.81590 4220.000
36.83261 4153.000
36.84932 4377.000
36.86603 4419.000
36.88275 4226.000
36.89946 4182.000
36.91617 4267.000
36.93288 4285.000
36.94959 4338.000
36.96630 4254.000
36.98301 4226.000
36.99972 4249.000
37.01644 4226.000
37.03315 4320.000
37.04986 4256.000
37.06657 4252.000
37.08328 4302.000
37.09999 4323.000
37.11670 4266.000
37.13341 4276.000
37.15013 4494.000
37.16684 4373.000
37.18355 4550.000
37.20026 4622.000
37.21697 4752.000
37.23368 4809.000
37.25039 4718.000
37.26710 4896.000
37.28382 5110.000
37.30053 4937.000
37.31724 5121.000
37.33395 5099.000
37.35066 5349.000
37.36737 5563.000
37.38408 5865.000
37.40079 6320.000
37.41751 6900.000
37.43422 8060.000
37.45093 9767.000
37.46764 12417.000
37.48435 15333.000
37.50106 18263.000
37.51777 20370.000
37.53449 21879.000
37.55120 23133.000
37.56791 24021.000
37.58462 24377.000
37.60133 23955.000
37.61804 22877.000
37.63475 20913.000
37.65146 19428.000
37.66818 17113.000
37.68489 15109.000
37.70160 13389.000
37.71831 11553.000
37.73502 10058.000
37.75173 8570.000
37.76844 7372.000
37.78515 6855.000
37.80187 6144.000
37.81858 5843.000
37.83529 5442.000
37.85200 5288.000
37.86871 5132.000
37.88542 4930.000
37.90213 4864.000
37.91884 4844.000
37.93556 4849.000
37.95227 4568.000
37.96898 4629.000
37.98569 4667.000
38.00240 4543.000
38.01911 4550.000
38.03582 4578.000
38.05253 4491.000
38.06925 4413.000
38.08596 4525.000
38.10267 4492.000
38.11938 4537.000
38.13609 4571.000
38.15280 4580.000
38.16951 4535.000
38.18622 4584.000
38.20294 4651.000
38.21965 4543.000
38.23636 4418.000
38.25307 4503.000
38.26978 4610.000
38.28649 4481.000
38.30320 4573.000
38.31991 4536.000
38.33663 4565.000
38.35334 4516.000
38.37005 4573.000
38.38676 4419.000
38.40347 4588.000
38.42018 4630.000
38.43689 4560.000
38.45360 4630.000
38.47032 4604.000
38.48703 4639.000
38.50374 4484.000
38.52045 4509.000
38.53716 4600.000
38.55387 4520.000
38.57058 4501.000
38.58730 4534.000
38.60401 4512.000
38.62072 4452.000
38.63743 4576.000
38.65414 4567.000
38.67085 4534.000
38.68756 4504.000
38.70427 4599.000
38.72099 4599.000
38.73770 4617.000
38.75441 4567.000
38.77112 4516.000
38.78783 4674.000
38.80454 4694.000
38.82125 4530.000
38.83796 4509.000
38.85468 4664.000
38.87139 4700.000
38.88810 4621.000
38.90481 4653.000
38.92152 4686.000
38.93823 4618.000
38.95494 4652.000
38.97165 4685.000
38.98837 4769.000
39.00508 4712.000
39.02179 4953.000
39.03850 5037.000
39.05521 5244.000
39.07192 5466.000
39.08863 5655.000
39.10534 6104.000
39.12206 6623.000
39.13877 7274.000
39.15548 7952.000
39.17219 9227.000
39.18890 10575.000
39.20561 12241.000
39.22232 13957.000
39.23903 15565.000
39.25575 17170.000
39.27246 19045.000
39.28917 21125.000
39.30588 23410.000
39.32259 26281.000
39.33930 28423.000
39.35601 30083.000
39.37272 30514.000
39.38944 30447.000
39.40615 29174.000
39.42286 28617.000
39.43957 26743.000
39.45628 25270.000
39.47299 22673.000
39.48970 20764.000
39.50641 18013.000
39.52313 15526.000
39.53984 13461.000
39.55655 11481.000
39.57326 10157.000
39.58997 8956.000
39.60668 7798.000
39.62339 6990.000
39.64010 6339.000
39.65682 5981.000
39.67353 5654.000
39.69024 5336.000
39.70695 5261.000
39.72366 5155.000
39.74037 5143.000
39.75708 5031.000
39.77380 4952.000
39.79051 4836.000
39.80722 4957.000
39.82393 4706.000
39.84064 4863.000
39.85735 4783.000
39.87406 4782.000
39.89077 4855.000
39.90749 4663.000
39.92420 4638.000
39.94091 4721.000
39.95762 4651.000
39.97433 4727.000
39.99104 4614.000
40.00775 4577.000
40.02446 4605.000
40.04118 4689.000
40.05789 4640.000
40.07460 4484.000
40.09131 4603.000
40.10802 4564.000
40.12473 4462.000
40.14144 4544.000
40.15815 4568.000
40.17487 4568.000
40.19158 4529.000
40.20829 4708.000
40.22500 4499.000
40.24171 4540.000
40.25842 4479.000
40.27513 4410.000
40.29184 4456.000
40.30856 4615.000
40.32527 4560.000
40.34198 4496.000
40.35869 4538.000
40.37540 4475.000
40.39211 4507.000
40.40882 4498.000
40.42553 4587.000
40.44225 4511.000
40.45896 4415.000
40.47567 4370.000
40.49238 4558.000
40.50909 4542.000
40.52580 4712.000
40.54251 4552.000
40.55922 4560.000
40.57594 4556.000
40.59265 4704.000
40.60936 4549.000
40.62607 4715.000
40.64278 4631.000
40.65949 4615.000
40.67620 4654.000
40.69291 4767.000
40.70963 4769.000
40.72634 4802.000
40.74305 4765.000
40.75976 4797.000
40.77647 4604.000
40.79318 4618.000
40.80989 4638.000
40.82661 4848.000
40.84332 4741.000
40.86003 4809.000
40.87674 4805.000
40.89345 4735.000
40.91016 4789.000
40.92687 4837.000
40.94358 4766.000
40.96030 4947.000
40.97701 4822.000
40.99372 4819.000
41.01043 4725.000
41.02714 4739.000
41.04385 4768.000
41.06056 4699.000
41.07727 4602.000
41.09399 4650.000
41.11070 4739.000
41.12741 4501.000
41.14412 4435.000
41.16083 4415.000
41.17754 4599.000
41.19425 4574.000
41.21096 4539.000
41.22768 4544.000
41.24439 4549.000
41.26110 4588.000
41.27781 4511.000
41.29452 4530.000
41.31123 4522.000
41.32794 4402.000
41.34465 4443.000
41.36137 4458.000
41.37808 4554.000
41.39479 4444.000
41.41150 4532.000
41.42821 4428.000
41.44492 4461.000
41.46163 4506.000
41.47834 4533.000
41.49506 4549.000
41.51177 4559.000
41.52848 4394.000
41.54519 4543.000
41.56190 4525.000
41.57861 4527.000
41.59532 4614.000
41.61203 4674.000
41.62875 4607.000
41.64546 4617.000
41.66217 4610.000
41.67888 4622.000
41.69559 4562.000
41.71230 4692.000
41.72901 4677.000
41.74572 4765.000
41.76244 4807.000
41.77915 4728.000
41.79586 4773.000
41.81257 4799.000
41.82928 4789.000
41.84599 4860.000
41.86270 4780.000
41.87941 4896.000
41.89613 4869.000
41.91284 4787.000
41.92955 5016.000
41.94626 4818.000
41.96297 4882.000
41.97968 4786.000
41.99639 4913.000
42.01311 4914.000
42.02982 4997.000
42.04653 4748.000
42.06324 4846.000
42.07995 4894.000
42.09666 4728.000
42.11337 4784.000
42.13008 4648.000
42.14680 4697.000
42.16351 4827.000
42.18022 4712.000
42.19693 4613.000
42.21364 4664.000
42.23035 4708.000
42.24706 4656.000
42.26377 4624.000
42.28049 4667.000
42.29720 4632.000
42.31391 4634.000
42.33062 4670.000
42.34733 4719.000
42.36404 4678.000
42.38075 4622.000
42.39746 4645.000
42.41418 4670.000
42.43089 4736.000
42.44760 4684.000
42.46431 4717.000
42.48102 4831.000
42.49773 4695.000
42.51444 4699.000
42.53115 4822.000
42.54787 4902.000
42.56458 4855.000
42.58129 4966.000
42.59800 5145.000
42.61471 5198.000
42.63142 5465.000
42.64813 5529.000
42.66484 5509.000
42.68156 5434.000
42.69827 5459.000
42.71498 5651.000
42.73169 5686.000
42.74840 5699.000
42.76511 5663.000
42.78182 5737.000
42.79853 5556.000
42.81525 5631.000
42.83196 5558.000
42.84867 5583.000
42.86538 5332.000
42.88209 5535.000
42.89880 5226.000
42.91551 5183.000
42.93222 5113.000
42.94894 5253.000
42.96565 5144.000
42.98236 5047.000
42.99907 4971.000
43.01578 4855.000
43.03249 4929.000
43.04920 4960.000
43.06592 4774.000
43.08263 4767.000
43.09934 4770.000
43.11605 4749.000
43.13276 4874.000
43.14947 4759.000
43.16618 4960.000
43.18289 5001.000
43.19961 5137.000
43.21632 5060.000
43.23303 5199.000
43.24974 5256.000
43.26645 5355.000
43.28316 5317.000
43.29987 5636.000
43.31658 5737.000
43.33330 5924.000
43.35001 5983.000
43.36672 6264.000
43.38343 6359.000
43.40014 6962.000
43.41685 7182.000
43.43356 8109.000
43.45027 9261.000
43.46699 11162.000
43.48370 14341.000
43.50041 19260.000
43.51712 25733.000
43.53383 31296.000
43.55054 35898.000
43.56725 37952.000
43.58396 38804.000
43.60068 38839.000
43.61739 38206.000
43.63410 37942.000
43.65081 36722.000
43.66752 34571.000
43.68423 31076.000
43.70094 27130.000
43.71765 23637.000
43.73437 20528.000
43.75108 17741.000
43.76779 15547.000
43.78450 13004.000
43.80121 10728.000
43.81792 9178.000
43.83463 7712.000
43.85134 7079.000
43.86806 6454.000
43.88477 6019.000
43.90148 5747.000
43.91819 5635.000
43.93490 5454.000
43.95161 5271.000
43.96832 5263.000
43.98503 5222.000
44.00175 5028.000
44.01846 5046.000
44.03517 4953.000
44.05188 4983.000
44.06859 4962.000
44.08530 4952.000
44.10201 4819.000
44.11873 4873.000
44.13544 4929.000
44.15215 4848.000
44.16886 4741.000
44.18557 4834.000
44.20228 4699.000
44.21899 4866.000
44.23570 4706.000
44.25242 4683.000
44.26913 4742.000
44.28584 4753.000
44.30255 4635.000
44.31926 4704.000
44.33597 4929.000
44.35268 4739.000
44.36939 4780.000
44.38611 4742.000
44.40282 4721.000
44.41953 4862.000
44.43624 4685.000
44.45295 4846.000
44.46966 4742.000
44.48637 4740.000
44.50308 4789.000
44.51980 4702.000
44.53651 4706.000
44.55322 4723.000
44.56993 4593.000
44.58664 4732.000
44.60335 4617.000
44.62006 4685.000
44.63677 4654.000
44.65349 4618.000
44.67020 4617.000
44.68691 4764.000
44.70362 4724.000
44.72033 4797.000
44.73704 4822.000
44.75375 4732.000
44.77046 4684.000
44.78718 4783.000
44.80389 4857.000
44.82060 4837.000
44.83731 4796.000
44.85402 4869.000
44.87073 4823.000
44.88744 4954.000
44.90415 4795.000
44.92087 5075.000
44.93758 4915.000
44.95429 4923.000
44.97100 4888.000
44.98771 4900.000
45.00442 4956.000
45.02113 4865.000
45.03784 4850.000
45.05456 4925.000
45.07127 4817.000
45.08798 4772.000
45.10469 4796.000
45.12140 4697.000
45.13811 4734.000
45.15482 4811.000
45.17153 4758.000
45.18825 4810.000
45.20496 4735.000
45.22167 4766.000
45.23838 4883.000
45.25509 5089.000
45.27180 4945.000
45.28851 5081.000
45.30523 5131.000
45.32194 5196.000
45.33865 5262.000
45.35536 5209.000
45.37207 5260.000
45.38878 5232.000
45.40549 5415.000
45.42220 5245.000
45.43892 5257.000
45.45563 5227.000
45.47234 5080.000
45.48905 5123.000
45.50576 5010.000
45.52247 5179.000
45.53918 5310.000
45.55589 5182.000
45.57261 5157.000
45.58932 5259.000
45.60603 5356.000
45.62274 5214.000
45.63945 5189.000
45.65616 5310.000
45.67287 5414.000
45.68958 5504.000
45.70630 5558.000
45.72301 5607.000
45.73972 5580.000
45.75643 5529.000
45.77314 5568.000
45.78985 5532.000
45.80656 5362.000
45.82327 5471.000
45.83999 5364.000
45.85670 5413.000
45.87341 5186.000
45.89012 5059.000
45.90683 5213.000
45.92354 5153.000
45.94025 5126.000
45.95696 4923.000
45.97368 4936.000
45.99039 4880.000
46.00710 4945.000
46.02381 4735.000
46.04052 4748.000
46.05723 4789.000
46.07394 4762.000
46.09065 4824.000
46.10737 4863.000
46.12408 4791.000
46.14079 4909.000
46.15750 4989.000
46.17421 4889.000
46.19092 4919.000
46.20763 4884.000
46.22434 4740.000
46.24106 4924.000
46.25777 4889.000
46.27448 4943.000
46.29119 4869.000
46.30790 4767.000
46.32461 4753.000
46.34132 4772.000
46.35804 4828.000
46.37475 4900.000
46.39146 4848.000
46.40817 4715.000
46.42488 4672.000
46.44159 4704.000
46.45830 4703.000
46.47501 4655.000
46.49173 4687.000
46.50844 4768.000
46.52515 4630.000
46.54186 4732.000
46.55857 4689.000
46.57528 4948.000
46.59199 4769.000
46.60870 4829.000
46.62542 4807.000
46.64213 4882.000
46.65884 4834.000
46.67555 4885.000
46.69226 4854.000
46.70897 4858.000
46.72568 4794.000
46.74239 4937.000
46.75911 4766.000
46.77582 4769.000
46.79253 4809.000
46.80924 4889.000
46.82595 4873.000
46.84266 4854.000
46.85937 4771.000
46.87608 4838.000
46.89280 4822.000
46.90951 4759.000
46.92622 4834.000
46.94293 4719.000
46.95964 4859.000
46.97635 4724.000
46.99306 4753.000
47.00977 4877.000
47.02649 4751.000
47.04320 4736.000
47.05991 4826.000
47.07662 4765.000
47.09333 4818.000
47.11004 4752.000
47.12675 4847.000
47.14346 4724.000
47.16018 4762.000
47.17689 4795.000
47.19360 4771.000
47.21031 4867.000
47.22702 4748.000
47.24373 4720.000
47.26044 4625.000
47.27715 4683.000
47.29387 4780.000
47.31058 4787.000
47.32729 4695.000
47.34400 4827.000
47.36071 4767.000
47.37742 4635.000
47.39413 4878.000
47.41085 4781.000
47.42756 4912.000
47.44427 4904.000
47.46098 4819.000
47.47769 4721.000
47.49440 4642.000
47.51111 4716.000
47.52782 4659.000
47.54454 4885.000
47.56125 4705.000
47.57796 4662.000
47.59467 4801.000
47.61138 4655.000
47.62809 4735.000
47.64480 4752.000
47.66151 4750.000
47.67823 4699.000
47.69494 4763.000
47.71165 4634.000
47.72836 4604.000
47.74507 4730.000
47.76178 4608.000
47.77849 4756.000
47.79520 4828.000
47.81192 4575.000
47.82863 4706.000
47.84534 4710.000
47.86205 4699.000
47.87876 4720.000
47.89547 4680.000
47.91218 4632.000
47.92889 4689.000
47.94561 4753.000
47.96232 4754.000
47.97903 4707.000
47.99574 4598.000
48.01245 4767.000
48.02916 4777.000
48.04587 4665.000
48.06258 4671.000
48.07930 4732.000
48.09601 4678.000
48.11272 4716.000
48.12943 4805.000
48.14614 4853.000
48.16285 4638.000
48.17956 4944.000
48.19627 4890.000
48.21299 4837.000
48.22970 4746.000
48.24641 4940.000
48.26312 4711.000
48.27983 4899.000
48.29654 4628.000
48.31325 4852.000
48.32996 4931.000
48.34668 4948.000
48.36339 4795.000
48.38010 5018.000
48.39681 5003.000
48.41352 5077.000
48.43023 5184.000
48.44694 5137.000
48.46365 5117.000
48.48037 5252.000
48.49708 5109.000
48.51379 5106.000
48.53050 5110.000
48.54721 5157.000
48.56392 5091.000
48.58063 5063.000
48.59735 5037.000
48.61406 4920.000
48.63077 4995.000
48.64748 4874.000
48.66419 4883.000
48.68090 4981.000
48.69761 4931.000
48.71432 4861.000
48.73104 4842.000
48.74775 4813.000
48.76446 4825.000
48.78117 4830.000
48.79788 4848.000
48.81459 4863.000
48.83130 4905.000
48.84801 4790.000
48.86473 4837.000
48.88144 4905.000
48.89815 5007.000
48.91486 5008.000
48.93157 4794.000
48.94828 4799.000
48.96499 4893.000
48.98170 5004.000
48.99842 4685.000
49.01513 4891.000
49.03184 4859.000
49.04855 4849.000
49.06526 4769.000
49.08197 4959.000
49.09868 4871.000
49.11539 4821.000
49.13211 4796.000
49.14882 4821.000
49.16553 4791.000
49.18224 4821.000
49.19895 4754.000
49.21566 4769.000
49.23237 4872.000
49.24908 4739.000
49.26580 4886.000
49.28251 4728.000
49.29922 4810.000
49.31593 4778.000
49.33264 4782.000
49.34935 4829.000
49.36606 4775.000
49.38277 4765.000
49.39949 4940.000
49.41620 4776.000
49.43291 4741.000
49.44962 4731.000
49.46633 4810.000
49.48304 4758.000
49.49975 4709.000
49.51646 4810.000
49.53318 4843.000
49.54989 4993.000
49.56660 4950.000
49.58331 5033.000
49.60002 5006.000
49.61673 5062.000
49.63344 5216.000
49.65016 5272.000
49.66687 5266.000
49.68358 5206.000
49.70029 5478.000
49.71700 5355.000
49.73371 5200.000
49.75042 5200.000
49.76713 5183.000
49.78385 5351.000
49.80056 5205.000
49.81727 5046.000
49.83398 5118.000
49.85069 5117.000
49.86740 5122.000
49.88411 5049.000
49.90082 5111.000
49.91754 4980.000
49.93425 4898.000
49.95096 4874.000
49.96767 4811.000
49.98438 4989.000
50.00109 4928.000
50.01780 4873.000
50.03451 5094.000
50.05123 5033.000
50.06794 5095.000
50.08465 5178.000
50.10136 5115.000
50.11807 5283.000
50.13478 5183.000
50.15149 5317.000
50.16820 5206.000
50.18492 5118.000
50.20163 5217.000
50.21834 5064.000
50.23505 5061.000
50.25176 5098.000
50.26847 5026.000
50.28518 5009.000
50.30189 5135.000
50.31861 4979.000
50.33532 5007.000
50.35203 4947.000
50.36874 4940.000
50.38545 4730.000
50.40216 4924.000
50.41887 4850.000
50.43558 4899.000
50.45230 4940.000
50.46901 4946.000
50.48572 4839.000
50.50243 4971.000
50.51914 4798.000
50.53585 4805.000
50.55256 4877.000
50.56927 4917.000
50.58599 5004.000
50.60270 4978.000
50.61941 4792.000
50.63612 5057.000
50.65283 4872.000
50.66954 5021.000
50.68625 4921.000
50.70297 4912.000
50.71968 5019.000
50.73639 5083.000
50.75310 5144.000
50.76981 5159.000
50.78652 5071.000
50.80323 5215.000
50.81994 5152.000
50.83666 5108.000
50.85337 5302.000
50.87008 5203.000
50.88679 5191.000
50.90350 5118.000
50.92021 5220.000
50.93692 5262.000
50.95363 5247.000
50.97035 5220.000
50.98706 5313.000
51.00377 5342.000
51.02048 5298.000
51.03719 5407.000
51.05390 5504.000
51.07061 5622.000
51.08732 5875.000
51.10404 5819.000
51.12075 5995.000
51.13746 5894.000
51.15417 5834.000
51.17088 5772.000
51.18759 5747.000
51.20430 5806.000
51.22101 5634.000
51.23773 5589.000
51.25444 5703.000
51.27115 5572.000
51.28786 5498.000
51.30457 5710.000
51.32128 5850.000
51.33799 6044.000
51.35470 6285.000
51.37142 6408.000
51.38813 6499.000
51.40484 6815.000
51.42155 6901.000
51.43826 6852.000
51.45497 6676.000
51.47168 6828.000
51.48839 6707.000
51.50511 6523.000
51.52182 6542.000
51.53853 6534.000
51.55524 6417.000
51.57195 6169.000
51.58866 6234.000
51.60537 6084.000
51.62208 6032.000
51.63880 5897.000
51.65551 5854.000
51.67222 5762.000
51.68893 5621.000
51.70564 5501.000
51.72235 5312.000
51.73906 5366.000
51.75577 5303.000
51.77249 5157.000
51.78920 5248.000
51.80591 5280.000
51.82262 5125.000
51.83933 5159.000
51.85604 5172.000
51.87275 5124.000
51.88947 5065.000
51.90618 4840.000
51.92289 4993.000
51.93960 5050.000
51.95631 4977.000
51.97302 4891.000
51.98973 4792.000
52.00644 4984.000
52.02316 4914.000
52.03987 4911.000
52.05658 5129.000
52.07329 5040.000
52.09000 5123.000
52.10671 5067.000
52.12342 4882.000
52.14013 5148.000
52.15685 4961.000
52.17356 5047.000
52.19027 4884.000
52.20698 5029.000
52.22369 4908.000
52.24040 4924.000
52.25711 4828.000
52.27382 4905.000
52.29054 4995.000
52.30725 4889.000
52.32396 5070.000
52.34067 5026.000
52.35738 5035.000
52.37409 4889.000
52.39080 4802.000
52.40751 4789.000
52.42423 5040.000
52.44094 4792.000
52.45765 4874.000
52.47436 4914.000
52.49107 4893.000
52.50778 5002.000
52.52449 4950.000
52.54120 4860.000
52.55792 4949.000
52.57463 4940.000
52.59134 5155.000
52.60805 4973.000
52.62476 5075.000
52.64147 4969.000
52.65818 4982.000
52.67489 4922.000
52.69161 4986.000
52.70832 4873.000
52.72503 4993.000
52.74174 5030.000
52.75845 4817.000
52.77516 4911.000
52.79187 5013.000
52.80858 5175.000
52.82530 4987.000
52.84201 5030.000
52.85872 5064.000
52.87543 5066.000
52.89214 5130.000
52.90885 5166.000
52.92556 5060.000
52.94228 5061.000
52.95899 4888.000
52.97570 5115.000
52.99241 5124.000
53.00912 5107.000
53.02583 5065.000
53.04254 5183.000
53.05925 5123.000
53.07597 5301.000
53.09268 5221.000
53.10939 5352.000
53.12610 5375.000
53.14281 5433.000
53.15952 5657.000
53.17623 5521.000
53.19294 5725.000
53.20966 5761.000
53.22637 5817.000
53.24308 5679.000
53.25979 5645.000
53.27650 5581.000
53.29321 5720.000
53.30992 5637.000
53.32663 5616.000
53.34335 5550.000
53.36006 5597.000
53.37677 5456.000
53.39348 5287.000
53.41019 5253.000
53.42690 5281.000
53.44361 5250.000
53.46032 5244.000
53.47704 5146.000
53.49375 5055.000
53.51046 5104.000
53.52717 5086.000
53.54388 5103.000
53.56059 4896.000
53.57730 4977.000
53.59401 4980.000
53.61073 4897.000
53.62744 4931.000
53.64415 4977.000
53.66086 4915.000
53.67757 4908.000
53.69428 4975.000
53.71099 4923.000
53.72770 4882.000
53.74442 5119.000
53.76113 4984.000
53.77784 5032.000
53.79455 5071.000
53.81126 5063.000
53.82797 5082.000
53.84468 4996.000
53.86139 5030.000
53.87811 5029.000
53.89482 5062.000
53.91153 5090.000
53.92824 4973.000
53.94495 4961.000
53.96166 5137.000
53.97837 5125.000
53.99509 5062.000
54.01180 5170.000
54.02851 5178.000
54.04522 5304.000
54.06193 5394.000
54.07864 5591.000
54.09535 5612.000
54.11206 5660.000
54.12878 5948.000
54.14549 5897.000
54.16220 5918.000
54.17891 5957.000
54.19562 5784.000
54.21233 5870.000
54.22904 5839.000
54.24575 5841.000
54.26247 5748.000
54.27918 5743.000
54.29589 5710.000
54.31260 5639.000
54.32931 5668.000
54.34602 5681.000
54.36273 5475.000
54.37944 5635.000
54.39616 5699.000
54.41287 5675.000
54.42958 5604.000
54.44629 5610.000
54.46300 5593.000
54.47971 5545.000
54.49642 5522.000
54.51313 5477.000
54.52985 5404.000
54.54656 5394.000
54.56327 5432.000
54.57998 5336.000
54.59669 5415.000
54.61340 5183.000
54.63011 5293.000
54.64682 5335.000
54.66354 5259.000
54.68025 5076.000
54.69696 5148.000
54.71367 5073.000
54.73038 5238.000
54.74709 5072.000
54.76380 5085.000
54.78051 4977.000
54.79723 5063.000
54.81394 4983.000
54.83065 5083.000
54.84736 5080.000
54.86407 5036.000
54.88078 5053.000
54.89749 5075.000
54.91420 5125.000
54.93092 5123.000
54.94763 5013.000
54.96434 4962.000
54.98105 5003.000
54.99776 5013.000
55.01447 5149.000
55.03118 5025.000
55.04789 5156.000
55.06461 5142.000
55.08132 5000.000
55.09803 5090.000
55.11474 5108.000
55.13145 5321.000
55.14816 5289.000
55.16487 5243.000
55.18159 5498.000
55.19830 5537.000
55.21501 5463.000
55.23172 5710.000
55.24843 5728.000
55.26514 5511.000
55.28185 5524.000
55.29856 5462.000
55.31528 5503.000
55.33199 5490.000
55.34870 5452.000
55.36541 5544.000
55.38212 5387.000
55.39883 5523.000
55.41554 5449.000
55.43225 5493.000
55.44897 5445.000
55.46568 5419.000
55.48239 5344.000
55.49910 5263.000
55.51581 5402.000
55.53252 5478.000
55.54923 5497.000
55.56594 5581.000
55.58266 5698.000
55.59937 5604.000
55.61608 5460.000
55.63279 5496.000
55.64950 5491.000
55.66621 5715.000
55.68292 5727.000
55.69963 5823.000
55.71635 6076.000
55.73306 6338.000
55.74977 6473.000
55.76648 7029.000
55.78319 7567.000
55.79990 8329.000
55.81661 9122.000
55.83332 9604.000
55.85004 10037.000
55.86675 10306.000
55.88346 10046.000
55.90017 9887.000
55.91688 9946.000
55.93359 9296.000
55.95030 9135.000
55.96701 8921.000
55.98373 8763.000
56.00044 8388.000
56.01715 8191.000
56.03386 7949.000
56.05057 7808.000
56.06728 7329.000
56.08399 7041.000
56.10070 6653.000
56.11742 6370.000
56.13413 6069.000
56.15084 5935.000
56.16755 5713.000
56.18426 5647.000
56.20097 5649.000
56.21768 5588.000
56.23440 5634.000
56.25111 5809.000
56.26782 5820.000
56.28453 5820.000
56.30124 5867.000
56.31795 6173.000
56.33466 6245.000
56.35137 6141.000
56.36809 6209.000
56.38480 6624.000
56.40151 6501.000
56.41822 6427.000
56.43493 6508.000
56.45164 6722.000
56.46835 6882.000
56.48506 6946.000
56.50178 7366.000
56.51849 7834.000
56.53520 8198.000
56.55191 8384.000
56.56862 8380.000
56.58533 8350.000
56.60204 8352.000
56.61875 8142.000
56.63547 7949.000
56.65218 7854.000
56.66889 7652.000
56.68560 7532.000
56.70231 7540.000
56.71902 7388.000
56.73573 7358.000
56.75244 7314.000
56.76916 7004.000
56.78587 7031.000
56.80258 7174.000
56.81929 7148.000
56.83600 7550.000
56.85271 7605.000
56.86942 7879.000
56.88613 7973.000
56.90285 8143.000
56.91956 8219.000
56.93627 7863.000
56.95298 7745.000
56.96969 7547.000
56.98640 7451.000
57.00311 7039.000
57.01982 7165.000
57.03654 6994.000
57.05325 6944.000
57.06996 6783.000
57.08667 6883.000
57.10338 6592.000
57.12009 6163.000
57.13680 6284.000
57.15351 6166.000
57.17023 5967.000
57.18694 5776.000
57.20365 5757.000
57.22036 5832.000
57.23707 5717.000
57.25378 5736.000
57.27049 6155.000
57.28720 6142.000
57.30392 6409.000
57.32063 6900.000
57.33734 7416.000
57.35405 8180.000
57.37076 8932.000
57.38747 9454.000
57.40418 9711.000
57.42090 9980.000
57.43761 9846.000
57.45432 9734.000
57.47103 9381.000
57.48774 9133.000
57.50445 8879.000
57.52116 8660.000
57.53787 8503.000
57.55459 8387.000
57.57130 8202.000
57.58801 7875.000
57.60472 7543.000
57.62143 7276.000
57.63814 6886.000
57.65485 6717.000
57.67156 6522.000
57.68828 6137.000
57.70499 5893.000
57.72170 5605.000
57.73841 5515.000
57.75512 5454.000
57.77183 5428.000
57.78854 5467.000
57.80525 5347.000
57.82197 5254.000
57.83868 5225.000
57.85539 5301.000
57.87210 5228.000
57.88881 5207.000
57.90552 5195.000
57.92223 5243.000
57.93894 5171.000
57.95566 5308.000
57.97237 5231.000
57.98908 5178.000
58.00579 5132.000
58.02250 5233.000
58.03921 5287.000
58.05592 5131.000
58.07263 5169.000
58.08935 5132.000
58.10606 5197.000
58.12277 5285.000
58.13948 5105.000
58.15619 5232.000
58.17290 5174.000
58.18961 5288.000
58.20632 5280.000
58.22304 5161.000
58.23975 5243.000
58.25646 5190.000
58.27317 5274.000
58.28988 5255.000
58.30659 5271.000
58.32330 5147.000
58.34001 5185.000
58.35673 5305.000
58.37344 5400.000
58.39015 5300.000
58.40686 5333.000
58.42357 5263.000
58.44028 5287.000
58.45699 5440.000
58.47371 5292.000
58.49042 5283.000
58.50713 5241.000
58.52384 5362.000
58.54055 5192.000
58.55726 5415.000
58.57397 5440.000
58.59068 5356.000
58.60740 5463.000
58.62411 5329.000
58.64082 5505.000
58.65753 5354.000
58.67424 5262.000
58.69095 5521.000
58.70766 5529.000
58.72437 5596.000
58.74109 5502.000
58.75780 5623.000
58.77451 5639.000
58.79122 5829.000
58.80793 5924.000
58.82464 6095.000
58.84135 6097.000
58.85806 5965.000
58.87478 5892.000
58.89149 6022.000
58.90820 5855.000
58.92491 5676.000
58.94162 5835.000
58.95833 5716.000
58.97504 5631.000
58.99175 5631.000
59.00847 5665.000
59.02518 5552.000
59.04189 5396.000
59.05860 5489.000
59.07531 5379.000
59.09202 5316.000
59.10873 5348.000
59.12544 5325.000
59.14216 5293.000
59.15887 5194.000
59.17558 5144.000
59.19229 5167.000
59.20900 5159.000
59.22571 5209.000
59.24242 5339.000
59.25913 5264.000
59.27585 5286.000
59.29256 5257.000
59.30927 5176.000
59.32598 5308.000
59.34269 5294.000
59.35940 5196.000
59.37611 5360.000
59.39282 5372.000
59.40954 5276.000
59.42625 5536.000
59.44296 5617.000
59.45967 5648.000
59.47638 5669.000
59.49309 5700.000
59.50980 5842.000
59.52652 5891.000
59.54323 5981.000
59.55994 6066.000
59.57665 6352.000
59.59336 6355.000
59.61007 6308.000
59.62678 6224.000
59.64349 6186.000
59.66021 6079.000
59.67692 5966.000
59.69363 5934.000
59.71034 6120.000
59.72705 5990.000
59.74376 5920.000
59.76047 6075.000
59.77718 5873.000
59.79390 5837.000
59.81061 5782.000
59.82732 5763.000
59.84403 5943.000
59.86074 5950.000
59.87745 6025.000
59.89416 6077.000
59.91087 6105.000
59.92759 6190.000
59.94430 6139.000
59.96101 6072.000
59.97772 6108.000
59.99443 5737.000
60.01114 5770.000
60.02785 5743.000
60.04456 5705.000
60.06128 5572.000
60.07799 5717.000
60.09470 5700.000
60.11141 5606.000
60.12812 5568.000
60.14483 5654.000
60.16154 5552.000
60.17825 5504.000
60.19497 5480.000
60.21168 5475.000
60.22839 5636.000
60.24510 5734.000
60.26181 5665.000
60.27852 5767.000
60.29523 5836.000
60.31194 5931.000
60.32866 6229.000
60.34537 5966.000
60.36208 5921.000
60.37879 5941.000
60.39550 5933.000
60.41221 5781.000
60.42892 5746.000
60.44563 5817.000
60.46235 5883.000
60.47906 5711.000
60.49577 5660.000
60.51248 5537.000
60.52919 5462.000
60.54590 5443.000
60.56261 5349.000
60.57932 5467.000
60.59604 5405.000
60.61275 5349.000
60.62946 5292.000
60.64617 5257.000
60.66288 5157.000
60.67959 5318.000
60.69630 5225.000
60.71302 5291.000
60.72973 5269.000
60.74644 5254.000
60.76315 5229.000
60.77986 5405.000
60.79657 5382.000
60.81328 5221.000
60.82999 5159.000
60.84671 5305.000
60.86342 5351.000
60.88013 5398.000
60.89684 5466.000
60.91355 5417.000
60.93026 5487.000
60.94697 5568.000
60.96368 5415.000
60.98040 5511.000
60.99711 5339.000
61.01382 5357.000
61.03053 5372.000
61.04724 5309.000
61.06395 5536.000
61.08066 5420.000
61.09737 5410.000
61.11409 5391.000
61.13080 5366.000
61.14751 5319.000
61.16422 5447.000
61.18093 5358.000
61.19764 5352.000
61.21435 5300.000
61.23106 5269.000
61.24778 5350.000
61.26449 5195.000
61.28120 5208.000
61.29791 5259.000
61.31462 5268.000
61.33133 5238.000
61.34804 5286.000
61.36475 5335.000
61.38147 5188.000
61.39818 5136.000
61.41489 5310.000
61.43160 5466.000
61.44831 5343.000
61.46502 5347.000
61.48173 5359.000
61.49844 5374.000
61.51516 5279.000
61.53187 5251.000
61.54858 5388.000
61.56529 5325.000
61.58200 5362.000
61.59871 5415.000
61.61542 5412.000
61.63213 5571.000
61.64885 5460.000
61.66556 5564.000
61.68227 5560.000
61.69898 5601.000
61.71569 5652.000
61.73240 5651.000
61.74911 5621.000
61.76583 5728.000
61.78254 5757.000
61.79925 5730.000
61.81596 5768.000
61.83267 5762.000
61.84938 5831.000
61.86609 5518.000
61.88280 5819.000
61.89952 5620.000
61.91623 5608.000
61.93294 5528.000
61.94965 5507.000
61.96636 5547.000
61.98307 5435.000
61.99978 5417.000
62.01649 5514.000
62.03321 5430.000
62.04992 5567.000
62.06663 5404.000
62.08334 5511.000
62.10005 5577.000
62.11676 5494.000
62.13347 5419.000
62.15018 5493.000
62.16690 5522.000
62.18361 5383.000
62.20032 5532.000
62.21703 5612.000
62.23374 5480.000
62.25045 5355.000
62.26716 5404.000
62.28387 5505.000
62.30059 5557.000
62.31730 5497.000
62.33401 5376.000
62.35072 5414.000
62.36743 5339.000
62.38414 5423.000
62.40085 5301.000
62.41756 5510.000
62.43428 5404.000
62.45099 5511.000
62.46770 5480.000
62.48441 5391.000
62.50112 5497.000
62.51783 5475.000
62.53454 5526.000
62.55125 5697.000
62.56797 5487.000
62.58468 5506.000
62.60139 5533.000
62.61810 5606.000
62.63481 5399.000
62.65152 5488.000
62.66823 5667.000
62.68494 5659.000
62.70166 5699.000
62.71837 5720.000
62.73508 5757.000
62.75179 5691.000
62.76850 5718.000
62.78521 5850.000
62.80192 5771.000
62.81864 5900.000
62.83535 6049.000
62.85206 6043.000
62.86877 6107.000
62.88548 6376.000
62.90219 6279.000
62.91890 6502.000
62.93561 6647.000
62.95233 6813.000
62.96904 7366.000
62.98575 7901.000
63.00246 8736.000
63.01917 10080.000
63.03588 11838.000
63.05259 13841.000
63.06930 15632.000
63.08602 17422.000
63.10273 19165.000
63.11944 20078.000
63.13615 21220.000
63.15286 21600.000
63.16957 21575.000
63.18628 20746.000
63.20299 20038.000
63.21971 19198.000
63.23642 18541.000
63.25313 17671.000
63.26984 17278.000
63.28655 16654.000
63.30326 15902.000
63.31997 15762.000
63.33668 14907.000
63.35340 13871.000
63.37011 12870.000
63.38682 11814.000
63.40353 10837.000
63.42024 9962.000
63.43695 9046.000
63.45366 8225.000
63.47037 7617.000
63.48709 7169.000
63.50380 6726.000
63.52051 6590.000
63.53722 6189.000
63.55393 6031.000
63.57064 6014.000
63.58735 5840.000
63.60406 5784.000
63.62078 5631.000
63.63749 5712.000
63.65420 5630.000
63.67091 5483.000
63.68762 5475.000
63.70433 5681.000
63.72104 5555.000
63.73775 5429.000
63.75447 5453.000
63.77118 5457.000
63.78789 5503.000
63.80460 5467.000
63.82131 5513.000
63.83802 5556.000
63.85473 5565.000
63.87144 5562.000
63.88816 5680.000
63.90487 5487.000
63.92158 5381.000
63.93829 5511.000
63.95500 5333.000
63.97171 5465.000
63.98842 5603.000
64.00514 5403.000
64.02185 5431.000
64.03856 5574.000
64.05527 5517.000
64.07198 5494.000
64.08869 5443.000
64.10540 5444.000
64.12211 5454.000
64.13883 5275.000
64.15554 5262.000
64.17225 5342.000
64.18896 5359.000
64.20567 5318.000
64.22238 5368.000
64.23909 5270.000
64.25580 5381.000
64.27252 5447.000
64.28923 5223.000
64.30594 5230.000
64.32265 5241.000
64.33936 5372.000
64.35607 5348.000
64.37278 5299.000
64.38949 5251.000
64.40621 5145.000
64.42292 5206.000
64.43963 5259.000
64.45634 5294.000
64.47305 5270.000
64.48976 5378.000
64.50647 5284.000
64.52318 5232.000
64.53990 5166.000
64.55661 5155.000
64.57332 5184.000
64.59003 5087.000
64.60674 5344.000
64.62345 5201.000
64.64016 5298.000
64.65687 5404.000
64.67359 5267.000
64.69030 5135.000
64.70701 4997.000
64.72372 5249.000
64.74043 5276.000
64.75714 5300.000
64.77385 5173.000
64.79056 5386.000
64.80728 5248.000
64.82399 5180.000
64.84070 5294.000
64.85741 5185.000
64.87412 5241.000
64.89083 5226.000
64.90754 5215.000
64.92425 5345.000
64.94097 5289.000
64.95768 5292.000
64.97439 5344.000
64.99110 5316.000
65.00781 5163.000
65.02452 5284.000
65.04123 5261.000
65.05795 5288.000
65.07466 5283.000
65.09137 5281.000
65.10808 5329.000
65.12479 5270.000
65.14150 5232.000
65.15821 5249.000
65.17492 5206.000
65.19164 5420.000
65.20835 5484.000
65.22506 5331.000
65.24177 5242.000
65.25848 5305.000
65.27519 5361.000
65.29190 5266.000
65.30861 5241.000
65.32533 5294.000
65.34204 5421.000
65.35875 5333.000
65.37546 5285.000
65.39217 5299.000
65.40888 5260.000
65.42559 5210.000
65.44230 5222.000
65.45902 5416.000
65.47573 5322.000
65.49244 5334.000
65.50915 5292.000
65.52586 5336.000
65.54257 5341.000
65.55928 5354.000
65.57599 5308.000
65.59271 5210.000
65.60942 5437.000
65.62613 5408.000
65.64284 5364.000
65.65955 5324.000
65.67626 5292.000
65.69297 5304.000
65.70968 5265.000
65.72640 5367.000
65.74311 5318.000
65.75982 5371.000
65.77653 5380.000
65.79324 5419.000
65.80995 5500.000
65.82666 5365.000
65.84337 5398.000
65.86009 5191.000
65.87680 5344.000
65.89351 5383.000
65.91022 5408.000
65.92693 5442.000
65.94364 5451.000
65.96035 5254.000
65.97706 5332.000
65.99378 5442.000
66.01049 5388.000
66.02720 5482.000
66.04391 5427.000
66.06062 5518.000
66.07733 5654.000
66.09404 5714.000
66.11076 5743.000
66.12747 5665.000
66.14418 5772.000
66.16089 5852.000
66.17760 5920.000
66.19431 5743.000
66.21102 5918.000
66.22773 5755.000
66.24445 5881.000
66.26116 5862.000
66.27787 5863.000
66.29458 6014.000
66.31129 6188.000
66.32800 6156.000
66.34471 5996.000
66.36142 6141.000
66.37814 6083.000
66.39485 6029.000
66.41156 5866.000
66.42827 6042.000
66.44498 5894.000
66.46169 5913.000
66.47840 5880.000
66.49511 5795.000
66.51183 5845.000
66.52854 5912.000
66.54525 5676.000
66.56196 5866.000
66.57867 5776.000
66.59538 5619.000
66.61209 5733.000
66.62880 5735.000
66.64552 5618.000
66.66223 5744.000
66.67894 5793.000
66.69565 5889.000
66.71236 5985.000
66.72907 6190.000
66.74578 6350.000
66.76249 6313.000
66.77921 6453.000
66.79592 6476.000
66.81263 6309.000
66.82934 6434.000
66.84605 6449.000
66.86276 6389.000
66.87947 6354.000
66.89618 6232.000
66.91290 6211.000
66.92961 6145.000
66.94632 6233.000
66.96303 6263.000
66.97974 6371.000
66.99645 6412.000
67.01316 6488.000
67.02987 6436.000
67.04659 6474.000
67.06330 6550.000
67.08001 6728.000
67.09672 6651.000
67.11343 6670.000
67.13014 6460.000
67.14685 6658.000
67.16356 6545.000
67.18028 6324.000
67.19699 6404.000
67.21370 6352.000
67.23041 6367.000
67.24712 6432.000
67.26383 6574.000
67.28054 6581.000
67.29726 6700.000
67.31397 6853.000
67.33068 6850.000
67.34739 7056.000
67.36410 7171.000
67.38081 7198.000
67.39752 7418.000
67.41423 7351.000
67.43095 7326.000
67.44766 7397.000
67.46437 7458.000
67.48108 7109.000
67.49779 7420.000
67.51450 7378.000
67.53121 7303.000
67.54792 7255.000
67.56464 6989.000
67.58135 6875.000
67.59806 7060.000
67.61477 6861.000
67.63148 6737.000
67.64819 6606.000
67.66490 6763.000
67.68161 6647.000
67.69833 6402.000
67.71504 6201.000
67.73175 6231.000
67.74846 6200.000
67.76517 6173.000
67.78188 6103.000
67.79859 5960.000
67.81530 5873.000
67.83202 6140.000
67.84873 5831.000
67.86544 5952.000
67.88215 5943.000
67.89886 5942.000
67.91557 5914.000
67.93228 6020.000
67.94899 6041.000
67.96571 6154.000
67.98242 6219.000
67.99913 6469.000
68.01584 6601.000
68.03255 6690.000
68.04926 6982.000
68.06597 7259.000
68.08268 6992.000
68.09940 7207.000
68.11611 7413.000
68.13282 7377.000
68.14953 7341.000
68.16624 7287.000
68.18295 7197.000
68.19966 7370.000
68.21637 7330.000
68.23309 7253.000
68.24980 7315.000
68.26651 7276.000
68.28322 7129.000
68.29993 6996.000
68.31664 6900.000
68.33335 6866.000
68.35007 6567.000
68.36678 6741.000
68.38349 6649.000
68.40020 6543.000
68.41691 6669.000
68.43362 6623.000
68.45033 6447.000
68.46704 6382.000
68.48376 6346.000
68.50047 6337.000
68.51718 6183.000
68.53389 6087.000
68.55060 5911.000
68.56731 6002.000
68.58402 5805.000
68.60073 5988.000
68.61745 5876.000
68.63416 5997.000
68.65087 5814.000
68.66758 5813.000
68.68429 5856.000
68.70100 5795.000
68.71771 6002.000
68.73442 5908.000
68.75114 5887.000
68.76785 5748.000
68.78456 5978.000
68.80127 5757.000
68.81798 5902.000
68.83469 5736.000
68.85140 5904.000
68.86811 5858.000
68.88483 5886.000
68.90154 5980.000
68.91825 5941.000
68.93496 5918.000
68.95167 5990.000
68.96838 5889.000
68.98509 5882.000
69.00180 5858.000
69.01852 5775.000
69.03523 5839.000
69.05194 5808.000
69.06865 5686.000
69.08536 5687.000
69.10207 5622.000
69.11878 5617.000
69.13549 5826.000
69.15221 5621.000
69.16892 5713.000
69.18563 5534.000
69.20234 5726.000
69.21905 5647.000
69.23576 5583.000
69.25247 5599.000
69.26918 5596.000
69.28590 5629.000
69.30261 5577.000
69.31932 5797.000
69.33603 5734.000
69.35274 5949.000
69.36945 5909.000
69.38616 6174.000
69.40287 6364.000
69.41959 6438.000
69.43630 6606.000
69.45301 6634.000
69.46972 6619.000
69.48643 6650.000
69.50314 6510.000
69.51985 6312.000
69.53657 6315.000
69.55328 6329.000
69.56999 6279.000
69.58670 6288.000
69.60341 6424.000
69.62012 6220.000
69.63683 6185.000
69.65354 6311.000
69.67026 6121.000
69.68697 5980.000
69.70368 5871.000
69.72039 5871.000
69.73710 5770.000
69.75381 5786.000
69.77052 5612.000
69.78723 5690.000
69.80395 5632.000
69.82066 5409.000
69.83737 5553.000
69.85408 5494.000
69.87079 5397.000
69.88750 5351.000
69.90421 5431.000
69.92092 5319.000
69.93764 5417.000
69.95435 5287.000
69.97106 5534.000
69.98777 5358.000
70.00448 5363.000
70.02119 5374.000
70.03790 5369.000
70.05461 5435.000
70.07133 5388.000
70.08804 5373.000
70.10475 5414.000
70.12146 5436.000
70.13817 5365.000
70.15488 5501.000
70.17159 5386.000
70.18830 5465.000
70.20502 5444.000
70.22173 5321.000
70.23844 5406.000
70.25515 5550.000
70.27186 5512.000
70.28857 5453.000
70.30528 5459.000
70.32199 5469.000
70.33871 5501.000
70.35542 5382.000
70.37213 5517.000
70.38884 5229.000
70.40555 5380.000
70.42226 5408.000
70.43897 5609.000
70.45568 5432.000
70.47240 5355.000
70.48911 5455.000
70.50582 5506.000
70.52253 5425.000
70.53924 5525.000
70.55595 5466.000
70.57266 5553.000
70.58938 5481.000
70.60609 5452.000
70.62280 5345.000
70.63951 5332.000
70.65622 5259.000
70.67293 5544.000
70.68964 5540.000
70.70635 5535.000
70.72307 5342.000
70.73978 5502.000
70.75649 5560.000
70.77320 5443.000
70.78991 5486.000
70.80662 5421.000
70.82333 5488.000
70.84004 5438.000
70.85676 5484.000
70.87347 5529.000
70.89018 5562.000
70.90689 5558.000
70.92360 5524.000
70.94031 5486.000
70.95702 5694.000
70.97373 5857.000
70.99045 5801.000
71.00716 5992.000
71.02387 6137.000
71.04058 6328.000
71.05729 6451.000
71.07400 6736.000
71.09071 7002.000
71.10742 7178.000
71.12414 7320.000
71.14085 7455.000
71.15756 7345.000
71.17427 7195.000
71.19098 7141.000
71.20769 6880.000
71.22440 6688.000
71.24111 6627.000
71.25783 6565.000
71.27454 6519.000
71.29125 6589.000
71.30796 6635.000
71.32467 6759.000
71.34138 6623.000
71.35809 6637.000
71.37480 6610.000
71.39152 6479.000
71.40823 6273.000
71.42494 6100.000
71.44165 6137.000
71.45836 5846.000
71.47507 5798.000
71.49178 5720.000
71.50849 5739.000
71.52521 5816.000
71.54192 5502.000
71.55863 5512.000
71.57534 5409.000
71.59205 5594.000
71.60876 5480.000
71.62547 5604.000
71.64219 5531.000
71.65890 5436.000
71.67561 5536.000
71.69232 5471.000
71.70903 5493.000
71.72574 5327.000
71.74245 5354.000
71.75916 5430.000
71.77588 5406.000
71.79259 5393.000
71.80930 5487.000
71.82601 5474.000
71.84272 5539.000
71.85943 5591.000
71.87614 5410.000
71.89285 5610.000
71.90957 5579.000
71.92628 5606.000
71.94299 5802.000
71.95970 5830.000
71.97641 5544.000
71.99312 5786.000
72.00983 5867.000
72.02654 5842.000
72.04326 5888.000
72.05997 5952.000
72.07668 6163.000
72.09339 6265.000
72.11010 6657.000
72.12681 6618.000
72.14352 6764.000
72.16023 6927.000
72.17695 7009.000
72.19366 6907.000
72.21037 6854.000
72.22708 6811.000
72.24379 6841.000
72.26050 6577.000
72.27721 6494.000
72.29392 6316.000
72.31064 6227.000
72.32735 6423.000
72.34406 6211.000
72.36077 6237.000
72.37748 6334.000
72.39419 6046.000
72.41090 6141.000
72.42761 6071.000
72.44433 6090.000
72.46104 5936.000
72.47775 5801.000
72.49446 5683.000
72.51117 5789.000
72.52788 5582.000
72.54459 5413.000
72.56130 5603.000
72.57802 5606.000
72.59473 5491.000
72.61144 5482.000
72.62815 5469.000
72.64486 5511.000
72.66157 5509.000
72.67828 5516.000
72.69499 5536.000
72.71171 5600.000
72.72842 5494.000
72.74513 5444.000
72.76184 5530.000
72.77855 5560.000
72.79526 5374.000
72.81197 5431.000
72.82869 5502.000
72.84540 5686.000
72.86211 5609.000
72.87882 5641.000
72.89553 5686.000
72.91224 5635.000
72.92895 5766.000
72.94566 5640.000
72.96238 5688.000
72.97909 5723.000
72.99580 5613.000
73.01251 5706.000
73.02922 5498.000
73.04593 5643.000
73.06264 5552.000
73.07935 5575.000
73.09607 5561.000
73.11278 5662.000
73.12949 5621.000
73.14620 5586.000
73.16291 5507.000
73.17962 5476.000
73.19633 5607.000
73.21304 5441.000
73.22976 5443.000
73.24647 5416.000
73.26318 5393.000
73.27989 5482.000
73.29660 5467.000
73.31331 5326.000
73.33002 5508.000
73.34673 5273.000
73.36345 5406.000
73.38016 5340.000
73.39687 5449.000
73.41358 5395.000
73.43029 5445.000
73.44700 5329.000
73.46371 5338.000
73.48042 5417.000
73.49714 5304.000
73.51385 5345.000
73.53056 5428.000
73.54727 5389.000
73.56398 5359.000
73.58069 5494.000
73.59740 5427.000
73.61411 5407.000
73.63083 5559.000
73.64754 5597.000
73.66425 5391.000
73.68096 5346.000
73.69767 5407.000
73.71438 5484.000
73.73109 5559.000
73.74780 5412.000
73.76452 5425.000
73.78123 5565.000
73.79794 5532.000
73.81465 5617.000
73.83136 5607.000
73.84807 5759.000
73.86478 5691.000
73.88150 5587.000
73.89821 5826.000
73.91492 5733.000
73.93163 5718.000
73.94834 5881.000
73.96505 5753.000
73.98176 5644.000
73.99847 5723.000
74.01519 5541.000
74.03190 5659.000
74.04861 5564.000
74.06532 5512.000
74.08203 5603.000
74.09874 5654.000
74.11545 5538.000
74.13216 5509.000
74.14888 5585.000
74.16559 5836.000
74.18230 5560.000
74.19901 5607.000
74.21572 5559.000
74.23243 5582.000
74.24914 5426.000
74.26585 5390.000
74.28257 5367.000
74.29928 5496.000
74.31599 5346.000
74.33270 5360.000
74.34941 5502.000
74.36612 5364.000
74.38283 5426.000
74.39954 5359.000
74.41626 5435.000
74.43297 5308.000
74.44968 5373.000
74.46639 5369.000
74.48310 5446.000
74.49981 5388.000
74.51652 5477.000
74.53323 5436.000
74.54995 5351.000
74.56666 5301.000
74.58337 5313.000
74.60008 5212.000
74.61679 5334.000
74.63350 5381.000
74.65021 5372.000
74.66692 5408.000
74.68364 5344.000
74.70035 5383.000
74.71706 5463.000
74.73377 5494.000
74.75048 5496.000
74.76719 5426.000
74.78390 5434.000
74.80061 5393.000
74.81733 5397.000
74.83404 5358.000
74.85075 5298.000
74.86746 5243.000
74.88417 5499.000
74.90088 5355.000
74.91759 5444.000
74.93431 5396.000
74.95102 5429.000
74.96773 5255.000
74.98444 5268.000
75.00115 5315.000
75.01786 5437.000
75.03457 5301.000
75.05128 5392.000
75.06800 5286.000
75.08471 5313.000
75.10142 5463.000
75.11813 5380.000
75.13484 5456.000
75.15155 5408.000
75.16826 5570.000
75.18497 5370.000
75.20169 5403.000
75.21840 5568.000
75.23511 5485.000
75.25182 5596.000
75.26853 5451.000
75.28524 5507.000
75.30195 5545.000
75.31866 5585.000
75.33538 5584.000
75.35209 5765.000
75.36880 5799.000
75.38551 5876.000
75.40222 5872.000
75.41893 6066.000
75.43564 5984.000
75.45235 5953.000
75.46907 6357.000
75.48578 6384.000
75.50249 6685.000
75.51920 7166.000
75.53591 7636.000
75.55262 8289.000
75.56933 9031.000
75.58604 10019.000
75.60276 10730.000
75.61947 11307.000
75.63618 11712.000
75.65289 11818.000
75.66960 11760.000
75.68631 11342.000
75.70302 11187.000
75.71973 10812.000
75.73645 10147.000
75.75316 9700.000
75.76987 9535.000
75.78658 9500.000
75.80329 9330.000
75.82000 9512.000
75.83671 9419.000
75.85342 9399.000
75.87014 9158.000
75.88685 9103.000
75.90356 8858.000
75.92027 8290.000
75.93698 8130.000
75.95369 7918.000
75.97040 7415.000
75.98711 7170.000
76.00383 6942.000
76.02054 6430.000
76.03725 6484.000
76.05396 6234.000
76.07067 6095.000
76.08738 5995.000
76.10409 5876.000
76.12081 5850.000
76.13752 5810.000
76.15423 5712.000
76.17094 5588.000
76.18765 5571.000
76.20436 5730.000
76.22107 5765.000
76.23778 5856.000
76.25450 5868.000
76.27121 5730.000
76.28792 5673.000
76.30463 5724.000
76.32134 5771.000
76.33805 5652.000
76.35476 5624.000
76.37147 5655.000
76.38819 5618.000
76.40490 5601.000
76.42161 5535.000
76.43832 5533.000
76.45503 5604.000
76.47174 5591.000
76.48845 5613.000
76.50516 5607.000
76.52188 5609.000
76.53859 5502.000
76.55530 5521.000
76.57201 5515.000
76.58872 5561.000
76.60543 5537.000
76.62214 5390.000
76.63885 5480.000
76.65557 5385.000
76.67228 5296.000
76.68899 5400.000
76.70570 5429.000
76.72241 5405.000
76.73912 5456.000
76.75583 5278.000
76.77254 5367.000
76.78926 5412.000
76.80597 5417.000
76.82268 5245.000
76.83939 5463.000
76.85610 5505.000
76.87281 5437.000
76.88952 5459.000
76.90623 5497.000
76.92295 5450.000
76.93966 5515.000
76.95637 5501.000
76.97308 5465.000
76.98979 5418.000
77.00650 5525.000
77.02321 5345.000
77.03992 5455.000
77.05664 5515.000
77.07335 5380.000
77.09006 5446.000
77.10677 5522.000
77.12348 5434.000
77.14019 5364.000
77.15690 5542.000
77.17362 5583.000
77.19033 5599.000
77.20704 5469.000
77.22375 5535.000
77.24046 5580.000
77.25717 5598.000
77.27388 5570.000
77.29059 5402.000
77.30731 5409.000
77.32402 5507.000
77.34073 5400.000
77.35744 5477.000
77.37415 5538.000
77.39086 5413.000
77.40757 5422.000
77.42428 5485.000
77.44100 5485.000
77.45771 5425.000
77.47442 5295.000
77.49113 5379.000
77.50784 5467.000
77.52455 5470.000
77.54126 5288.000
77.55797 5485.000
77.57469 5432.000
77.59140 5388.000
77.60811 5393.000
77.62482 5545.000
77.64153 5315.000
77.65824 5428.000
77.67495 5380.000
77.69166 5370.000
77.70838 5321.000
77.72509 5253.000
77.74180 5277.000
77.75851 5435.000
77.77522 5201.000
77.79193 5318.000
77.80864 5423.000
77.82535 5327.000
77.84207 5375.000
77.85878 5411.000
77.87549 5410.000
77.89220 5374.000
77.90891 5304.000
77.92562 5360.000
77.94233 5320.000
77.95904 5329.000
77.97576 5336.000
77.99247 5337.000
78.00918 5434.000
78.02589 5359.000
78.04260 5418.000
78.05931 5341.000
78.07602 5406.000
78.09273 5384.000
78.10945 5450.000
78.12616 5370.000
78.14287 5406.000
78.15958 5333.000
78.17629 5409.000
78.19300 5308.000
78.20971 5370.000
78.22643 5428.000
78.24314 5354.000
78.25985 5351.000
78.27656 5459.000
78.29327 5367.000
78.30998 5338.000
78.32669 5380.000
78.34340 5275.000
78.36012 5564.000
78.37683 5367.000
78.39354 5422.000
78.41025 5372.000
78.42696 5368.000
78.44367 5325.000
78.46038 5296.000
78.47709 5378.000
78.49381 5434.000
78.51052 5390.000
78.52723 5434.000
78.54394 5332.000
78.56065 5343.000
78.57736 5402.000
78.59407 5469.000
78.61078 5218.000
78.62750 5259.000
78.64421 5290.000
78.66092 5332.000
78.67763 5343.000
78.69434 5303.000
78.71105 5420.000
78.72776 5263.000
78.74447 5422.000
78.76119 5390.000
78.77790 5383.000
78.79461 5535.000
78.81132 5308.000
78.82803 5418.000
78.84474 5430.000
78.86145 5382.000
78.87816 5497.000
78.89488 5473.000
78.91159 5334.000
78.92830 5409.000
78.94501 5307.000
78.96172 5458.000
78.97843 5324.000
78.99514 5523.000
79.01185 5481.000
79.02857 5341.000
79.04528 5354.000
79.06199 5396.000
79.07870 5491.000
79.09541 5454.000
79.11212 5359.000
79.12883 5548.000
79.14554 5407.000
79.16226 5503.000
79.17897 5390.000
79.19568 5545.000
79.21239 5459.000
79.22910 5659.000
79.24581 5640.000
79.26252 5688.000
79.27923 5627.000
79.29595 5698.000
79.31266 5749.000
79.32937 5894.000
79.34608 5724.000
79.36279 5684.000
79.37950 5952.000
79.39621 5867.000
79.41293 5947.000
79.42964 6075.000
79.44635 6263.000
79.46306 6299.000
79.47977 6413.000
79.49648 6888.000
79.51319 7108.000
79.52990 7626.000
79.54662 8181.000
79.56333 8843.000
79.58004 9633.000
79.59675 9887.000
79.61346 10000.000
79.63017 9870.000
79.64688 9803.000
79.66359 9536.000
79.68031 9181.000
79.69702 8950.000
79.71373 8571.000
79.73044 8726.000
79.74715 8648.000
79.76386 8758.000
79.78057 8526.000
79.79728 8875.000
79.81400 8991.000
79.83071 8855.000
79.84742 8770.000
79.86413 8330.000
79.88084 8290.000
79.89755 7795.000
79.91426 7687.000
79.93097 7307.000
79.94769 7100.000
79.96440 7019.000
79.98111 7065.000
79.99782 6831.000
80.01453 6588.000
80.03124 6493.000
80.04795 6299.000
80.06466 6233.000
80.08138 6037.000
80.09809 6031.000
80.11480 5793.000
80.13151 5599.000
80.14822 5693.000
80.16493 5736.000
80.18164 5595.000
80.19835 5471.000
80.21507 5430.000
80.23178 5515.000
80.24849 5542.000
80.26520 5545.000
80.28191 5451.000
80.29862 5523.000
80.31533 5583.000
80.33204 5653.000
80.34876 5497.000
80.36547 5512.000
80.38218 5596.000
80.39889 5576.000
80.41560 5573.000
80.43231 5450.000
80.44902 5379.000
80.46574 5555.000
80.48245 5501.000
80.49916 5434.000
80.51587 5574.000
80.53258 5591.000
80.54929 5563.000
80.56600 5380.000
80.58271 5496.000
80.59943 5347.000
80.61614 5392.000
80.63285 5533.000
80.64956 5510.000
80.66627 5577.000
80.68298 5439.000
80.69969 5577.000
80.71640 5378.000
80.73312 5470.000
80.74983 5360.000
80.76654 5418.000
80.78325 5371.000
80.79996 5274.000
80.81667 5443.000
80.83338 5449.000
80.85009 5471.000
80.86681 5481.000
80.88352 5481.000
80.90023 5452.000
80.91694 5651.000
80.93365 5474.000
80.95036 5444.000
80.96707 5541.000
80.98378 5648.000
81.00050 5721.000
81.01721 5551.000
81.03392 5535.000
81.05063 5622.000
81.06734 5626.000
81.08405 5690.000
81.10076 5650.000
81.11747 5597.000
81.13419 5504.000
81.15090 5733.000
81.16761 5621.000
81.18432 5609.000
81.20103 5751.000
81.21774 5782.000
81.23445 5565.000
81.25116 5656.000
81.26788 5466.000
81.28459 5599.000
81.30130 5345.000
81.31801 5653.000
81.33472 5558.000
81.35143 5557.000
81.36814 5480.000
81.38485 5745.000
81.40157 5740.000
81.41828 5670.000
81.43499 5683.000
81.45170 5656.000
81.46841 5722.000
81.48512 5708.000
81.50183 5718.000
81.51855 5627.000
81.53526 5635.000
81.55197 5584.000
81.56868 5572.000
81.58539 5670.000
81.60210 5506.000
81.61881 5395.000
81.63552 5692.000
81.65224 5594.000
81.66895 5693.000
81.68566 5773.000
81.70237 5734.000
81.71908 5718.000
81.73579 5656.000
81.75250 5666.000
81.76921 5681.000
81.78593 5582.000
81.80264 5639.000
81.81935 5579.000
81.83606 5545.000
81.85277 5417.000
81.86948 5607.000
81.88619 5533.000
81.90290 5381.000
81.91962 5507.000
81.93633 5434.000
81.95304 5539.000
81.96975 5394.000
81.98646 5534.000
82.00317 5477.000
82.01988 5489.000
82.03659 5333.000
82.05331 5460.000
82.07002 5523.000
82.08673 5598.000
82.10344 5387.000
82.12015 5474.000
82.13686 5537.000
82.15357 5487.000
82.17028 5447.000
82.18700 5559.000
82.20371 5510.000
82.22042 5522.000
82.23713 5446.000
82.25384 5569.000
82.27055 5414.000
82.28726 5508.000
82.30397 5485.000
82.32069 5553.000
82.33740 5473.000
82.35411 5520.000
82.37082 5499.000
82.38753 5507.000
82.40424 5459.000
82.42095 5343.000
82.43766 5453.000
82.45438 5359.000
82.47109 5528.000
82.48780 5551.000
82.50451 5398.000
82.52122 5542.000
82.53793 5473.000
82.55464 5474.000
82.57135 5484.000
82.58807 5373.000
82.60478 5465.000
82.62149 5456.000
82.63820 5327.000
82.65491 5368.000
82.67162 5422.000
82.68833 5403.000
82.70505 5500.000
82.72176 5491.000
82.73847 5436.000
82.75518 5376.000
82.77189 5332.000
82.78860 5384.000
82.80531 5421.000
82.82202 5575.000
82.83874 5534.000
82.85545 5606.000
82.87216 5476.000
82.88887 5578.000
82.90558 5555.000
82.92229 5527.000
82.93900 5600.000
82.95571 5494.000
82.97243 5615.000
82.98914 5541.000
83.00585 5621.000
83.02256 5549.000
83.03927 5657.000
83.05598 5498.000
83.07269 5425.000
83.08940 5561.000
83.10612 5481.000
83.12283 5608.000
83.13954 5346.000
83.15625 5571.000
83.17296 5587.000
83.18967 5555.000
83.20638 5537.000
83.22309 5546.000
83.23981 5499.000
83.25652 5593.000
83.27323 5548.000
83.28994 5493.000
83.30665 5443.000
83.32336 5522.000
83.34007 5459.000
83.35678 5492.000
83.37350 5581.000
83.39021 5446.000
83.40692 5560.000
83.42363 5682.000
83.44034 5504.000
83.45705 5499.000
83.47376 5529.000
83.49047 5534.000
83.50719 5606.000
83.52390 5572.000
83.54061 5579.000
83.55732 5383.000
83.57403 5532.000
83.59074 5481.000
83.60745 5471.000
83.62416 5594.000
83.64088 5520.000
83.65759 5475.000
83.67430 5657.000
83.69101 5639.000
83.70772 5563.000
83.72443 5702.000
83.74114 5734.000
83.75786 5783.000
83.77457 5930.000
83.79128 5812.000
83.80799 5908.000
83.82470 5971.000
83.84141 5853.000
83.85812 5979.000
83.87483 5995.000
83.89155 6133.000
83.90826 5943.000
83.92497 6094.000
83.94168 6158.000
83.95839 6113.000
83.97510 6142.000
83.99181 6080.000
84.00852 5962.000
84.02524 6054.000
84.04195 6180.000
84.05866 6131.000
84.07537 6163.000
84.09208 6054.000
84.10879 6388.000
84.12550 6356.000
84.14221 6442.000
84.15893 6357.000
84.17564 6477.000
84.19235 6556.000
84.20906 6588.000
84.22577 6460.000
84.24248 6343.000
84.25919 6518.000
84.27590 6374.000
84.29262 6266.000
84.30933 6109.000
84.32604 6110.000
84.34275 6077.000
84.35946 6052.000
84.37617 5943.000
84.39288 5917.000
84.40959 5916.000
84.42631 5926.000
84.44302 6078.000
84.45973 5947.000
84.47644 6034.000
84.49315 5749.000
84.50986 5957.000
84.52657 5884.000
84.54328 5893.000
84.56000 5769.000
84.57671 5766.000
84.59342 5714.000
84.61013 5588.000
84.62684 5588.000
84.64355 5779.000
84.66026 5682.000
84.67697 5711.000
84.69369 5672.000
84.71040 5578.000
84.72711 5666.000
84.74382 5820.000
84.76053 5743.000
84.77724 5605.000
84.79395 5650.000
84.81066 5463.000
84.82738 5704.000
84.84409 5510.000
84.86080 5525.000
84.87751 5611.000
84.89422 5706.000
84.91093 5565.000
84.92764 5645.000
84.94436 5663.000
84.96107 5396.000
84.97778 5591.000
84.99449 5461.000
85.01120 5615.000
85.02791 5532.000
85.04462 5389.000
85.06133 5474.000
85.07805 5521.000
85.09476 5456.000
85.11147 5567.000
85.12818 5521.000
85.14489 5450.000
85.16160 5491.000
85.17831 5403.000
85.19502 5561.000
85.21174 5546.000
85.22845 5525.000
85.24516 5474.000
85.26187 5594.000
85.27858 5551.000
85.29529 5506.000
85.31200 5617.000
85.32871 5539.000
85.34543 5652.000
85.36214 5656.000
85.37885 5790.000
85.39556 5720.000
85.41227 5762.000
85.42898 5682.000
85.44569 5753.000
85.46240 5771.000
85.47912 5655.000
85.49583 5745.000
85.51254 5580.000
85.52925 5591.000
85.54596 5665.000
85.56267 5536.000
85.57938 5559.000
85.59609 5560.000
85.61281 5553.000
85.62952 5499.000
85.64623 5501.000
85.66294 5635.000
85.67965 5557.000
85.69636 5558.000
85.71307 5611.000
85.72978 5536.000
85.74650 5375.000
85.76321 5564.000
85.77992 5390.000
85.79663 5442.000
85.81334 5381.000
85.83005 5553.000
85.84676 5556.000
85.86347 5480.000
85.88019 5393.000
85.89690 5449.000
85.91361 5477.000
85.93032 5483.000
85.94703 5289.000
85.96374 5475.000
85.98045 5532.000
85.99717 5479.000
86.01388 5347.000
86.03059 5474.000
86.04730 5667.000
86.06401 5537.000
86.08072 5344.000
86.09743 5386.000
86.11414 5470.000
86.13086 5414.000
86.14757 5500.000
86.16428 5484.000
86.18099 5529.000
86.19770 5481.000
86.21441 5441.000
86.23112 5338.000
86.24783 5615.000
86.26455 5570.000
86.28126 5391.000
86.29797 5468.000
86.31468 5550.000
86.33139 5421.000
86.34810 5412.000
86.36481 5549.000
86.38152 5412.000
86.39824 5461.000
86.41495 5427.000
86.43166 5415.000
86.44837 5389.000
86.46508 5463.000
86.48179 5449.000
86.49850 5529.000
86.51521 5596.000
86.53193 5621.000
86.54864 5563.000
86.56535 5504.000
86.58206 5547.000
86.59877 5609.000
86.61548 5565.000
86.63219 5571.000
86.64890 5604.000
86.66562 5622.000
86.68233 5570.000
86.69904 5551.000
86.71575 5496.000
86.73246 5455.000
86.74917 5413.000
86.76588 5419.000
86.78259 5417.000
86.79931 5419.000
86.81602 5506.000
86.83273 5597.000
86.84944 5647.000
86.86615 5574.000
86.88286 5476.000
86.89957 5587.000
86.91628 5531.000
86.93300 5551.000
86.94971 5772.000
86.96642 5678.000
86.98313 5752.000
86.99984 5649.000
87.01655 5692.000
87.03326 5724.000
87.04998 5751.000
87.06669 5699.000
87.08340 5882.000
87.10011 5860.000
87.11682 5708.000
87.13353 5635.000
87.15024 5517.000
87.16695 5643.000
87.18367 5626.000
87.20038 5571.000
87.21709 5583.000
87.23380 5617.000
87.25051 5653.000
87.26722 5588.000
87.28393 5639.000
87.30064 5574.000
87.31736 5444.000
87.33407 5593.000
87.35078 5724.000
87.36749 5594.000
87.38420 5616.000
87.40091 5554.000
87.41762 5615.000
87.43433 5534.000
87.45105 5447.000
87.46776 5593.000
87.48447 5408.000
87.50118 5416.000
87.51789 5406.000
87.53460 5559.000
87.55131 5522.000
87.56802 5371.000
87.58474 5488.000
87.60145 5557.000
87.61816 5524.000
87.63487 5577.000
87.65158 5577.000
87.66829 5503.000
87.68500 5718.000
87.70171 5635.000
87.71843 5701.000
87.73514 5468.000
87.75185 5644.000
87.76856 5483.000
87.78527 5532.000
87.80198 5626.000
87.81869 5615.000
87.83540 5674.000
87.85212 5618.000
87.86883 5691.000
87.88554 5791.000
87.90225 5747.000
87.91896 5858.000
87.93567 5693.000
87.95238 5808.000
87.96909 5849.000
87.98581 5664.000
88.00252 5593.000
88.01923 5628.000
88.03594 5684.000
88.05265 5664.000
88.06936 5570.000
88.08607 5621.000
88.10278 5628.000
88.11950 5642.000
88.13621 5618.000
88.15292 5723.000
88.16963 5617.000
88.18634 5639.000
88.20305 5689.000
88.21976 5555.000
88.23648 5523.000
88.25319 5447.000
88.26990 5471.000
88.28661 5528.000
88.30332 5455.000
88.32003 5455.000
88.33674 5465.000
88.35345 5504.000
88.37017 5439.000
88.38688 5369.000
88.40359 5497.000
88.42030 5442.000
88.43701 5474.000
88.45372 5636.000
88.47043 5482.000
88.48714 5313.000
88.50386 5457.000
88.52057 5319.000
88.53728 5572.000
88.55399 5427.000
88.57070 5434.000
88.58741 5457.000
88.60412 5493.000
88.62083 5461.000
88.63755 5371.000
88.65426 5484.000
88.67097 5442.000
88.68768 5503.000
88.70439 5488.000
88.72110 5477.000
88.73781 5395.000
88.75452 5484.000
88.77124 5327.000
88.78795 5356.000
88.80466 5254.000
88.82137 5426.000
88.83808 5318.000
88.85479 5398.000
88.87150 5301.000
88.88821 5376.000
88.90493 5373.000
88.92164 5550.000
88.93835 5451.000
88.95506 5584.000
88.97177 5514.000
88.98848 5410.000
89.00519 5538.000
89.02190 5473.000
89.03862 5591.000
89.05533 5415.000
89.07204 5391.000
89.08875 5606.000
89.10546 5427.000
89.12217 5413.000
89.13888 5563.000
89.15559 5346.000
89.17231 5485.000
89.18902 5402.000
89.20573 5254.000
89.22244 5510.000
89.23915 5511.000
89.25586 5462.000
89.27257 5347.000
89.28929 5523.000
89.30600 5477.000
89.32271 5510.000
89.33942 5426.000
89.35613 5385.000
89.37284 5315.000
89.38955 5457.000
89.40626 5620.000
89.42298 5293.000
89.43969 5425.000
89.45640 5310.000
89.47311 5461.000
89.48982 5488.000
89.50653 5386.000
89.52324 5496.000
89.53995 5434.000
89.55667 5407.000
89.57338 5412.000
89.59009 5362.000
89.60680 5264.000
89.62351 5373.000
89.64022 5576.000
89.65693 5275.000
89.67364 5370.000
89.69036 5381.000
89.70707 5493.000
89.72378 5466.000
89.74049 5323.000
89.75720 5403.000
89.77391 5390.000
89.79062 5470.000
89.80733 5449.000
89.82405 5386.000
89.84076 5422.000
89.85747 5397.000
89.87418 5482.000
89.89089 5420.000
89.90760 5506.000
89.92431 5437.000
89.94102 5473.000
89.95774 5556.000
89.97445 5420.000
89.99116 5285.000
