  0  0  2  2    2.57861   34.76217  337.38803
  0  0  4  2    1.28931   73.37519  242.74386
  1  0  1 12    2.93126   30.47103 3624.86477
  1  0  2 12    2.08888   43.27850 2703.39385
  1  0  3 12    1.54826   59.67281  630.11368
  1  0  4 12    1.21236   78.89500   10.55913
  2 -1  0  6    2.05692   43.98574 3116.19214
  2 -1  2 12    1.60800   57.24563  567.82499
  2 -1  4 12    1.09244   89.67823  832.97316
  2  0  0  6    1.78134   51.24313   11.02329
  2  0  1 12    1.68373   54.45104  807.01270
  2  0  2 12    1.46563   63.41386  908.29646
  2  0  3 12    1.23700   77.02946  315.89729
  3 -1  0 12    1.34657   69.78587   12.96247
  3 -1  1 24    1.30289   72.48766  743.47292
  3 -1  2 24    1.19362   80.38334  907.14179
  3  0  0  6    1.18756   80.87794  551.99979
  3  0  1 12    1.15728   83.45869    0.00000
