5.01436 7300.000
5.03107 7115.000
5.04778 7184.000
5.06449 7299.000
5.08120 7137.000
5.09791 6999.000
5.11462 7209.000
5.13133 6908.000
5.14805 6995.000
5.16476 7070.000
5.18147 6920.000
5.19818 6947.000
5.21489 6878.000
5.23160 6925.000
5.24831 6839.000
5.26502 6833.000
5.28174 6945.000
5.29845 6741.000
5.31516 6790.000
5.33187 6728.000
5.34858 6890.000
5.36529 6720.000
5.38200 6693.000
5.39871 6657.000
5.41543 6355.000
5.43214 6657.000
5.44885 6776.000
5.46556 6655.000
5.48227 6588.000
5.49898 6484.000
5.51569 6489.000
5.53241 6547.000
5.54912 6559.000
5.56583 6410.000
5.58254 6434.000
5.59925 6367.000
5.61596 6433.000
5.63267 6378.000
5.64938 6373.000
5.66610 6364.000
5.68281 6315.000
5.69952 6532.000
5.71623 6447.000
5.73294 6377.000
5.74965 6402.000
5.76636 6234.000
5.78307 6290.000
5.79979 6244.000
5.81650 6310.000
5.83321 6252.000
5.84992 6154.000
5.86663 6216.000
5.88334 6044.000
5.90005 6290.000
5.91676 6142.000
5.93348 6227.000
5.95019 6089.000
5.96690 6094.000
5.98361 6065.000
6.00032 6029.000
6.01703 6042.000
6.03374 6080.000
6.05045 6062.000
6.06717 6070.000
6.08388 6031.000
6.10059 5822.000
6.11730 5873.000
6.13401 5819.000
6.15072 5812.000
6.16743 5736.000
6.18414 5753.000
6.20086 5779.000
6.21757 5825.000
6.23428 5710.000
6.25099 5763.000
6.26770 5740.000
6.28441 5740.000
6.30112 5707.000
6.31783 5673.000
6.33455 5594.000
6.35126 5615.000
6.36797 5645.000
6.38468 5745.000
6.40139 5520.000
6.41810 5763.000
6.43481 5538.000
6.45152 5532.000
6.46824 5627.000
6.48495 5695.000
6.50166 5691.000
6.51837 5584.000
6.53508 5459.000
6.55179 5460.000
6.56850 5725.000
6.58522 5530.000
6.60193 5570.000
6.61864 5442.000
6.63535 5540.000
6.65206 5477.000
6.66877 5339.000
6.68548 5432.000
6.70219 5447.000
6.71891 5554.000
6.73562 5334.000
6.75233 5372.000
6.76904 5546.000
6.78575 5434.000
6.80246 5319.000
6.81917 5320.000
6.83588 5316.000
6.85260 5404.000
6.86931 5318.000
6.88602 5324.000
6.90273 5345.000
6.91944 5333.000
6.93615 5319.000
6.95286 5318.000
6.96957 5190.000
6.98629 5348.000
7.00300 5222.000
7.01971 5181.000
7.03642 5228.000
7.05313 5281.000
7.06984 5183.000
7.08655 5084.000
7.10326 5156.000
7.11998 5081.000
7.13669 5212.000
7.15340 5020.000
7.17011 5130.000
7.18682 5094.000
7.20353 4911.000
7.22024 5087.000
7.23695 5226.000
7.25367 5064.000
7.27038 4928.000
7.28709 5159.000
7.30380 5054.000
7.32051 5057.000
7.33722 5080.000
7.35393 4970.000
7.37064 5088.000
7.38736 5021.000
7.40407 5029.000
7.42078 4964.000
7.43749 4912.000
7.45420 4944.000
7.47091 5167.000
7.48762 4789.000
7.50433 4841.000
7.52105 4989.000
7.53776 4924.000
7.55447 4865.000
7.57118 4890.000
7.58789 4803.000
7.60460 4780.000
7.62131 4865.000
7.63803 4909.000
7.65474 4921.000
7.67145 4955.000
7.68816 4767.000
7.70487 4778.000
7.72158 4740.000
7.73829 4835.000
7.75500 4771.000
7.77172 4749.000
7.78843 4836.000
7.80514 4815.000
7.82185 4750.000
7.83856 4647.000
7.85527 4941.000
7.87198 4880.000
7.88869 4686.000
7.90541 4618.000
7.92212 4627.000
7.93883 4811.000
7.95554 4734.000
7.97225 4833.000
7.98896 4720.000
8.00567 4665.000
8.02238 4759.000
8.03910 4582.000
8.05581 4620.000
8.07252 4657.000
8.08923 4676.000
8.10594 4780.000
8.12265 4646.000
8.13936 4606.000
8.15607 4585.000
8.17279 4699.000
8.18950 4586.000
8.20621 4621.000
8.22292 4601.000
8.23963 4603.000
8.25634 4596.000
8.27305 4554.000
8.28976 4542.000
8.30648 4565.000
8.32319 4598.000
8.33990 4604.000
8.35661 4620.000
8.37332 4623.000
8.39003 4532.000
8.40674 4569.000
8.42345 4444.000
8.44017 4492.000
8.45688 4557.000
8.47359 4556.000
8.49030 4425.000
8.50701 4488.000
8.52372 4507.000
8.54043 4437.000
8.55714 4503.000
8.57386 4393.000
8.59057 4472.000
8.60728 4452.000
8.62399 4532.000
8.64070 4411.000
8.65741 4543.000
8.67412 4388.000
8.69084 4469.000
8.70755 4428.000
8.72426 4503.000
8.74097 4357.000
8.75768 4423.000
8.77439 4475.000
8.79110 4310.000
8.80781 4328.000
8.82453 4329.000
8.84124 4302.000
8.85795 4313.000
8.87466 4271.000
8.89137 4416.000
8.90808 4262.000
8.92479 4555.000
8.94150 4386.000
8.95822 4318.000
8.97493 4368.000
8.99164 4283.000
9.00835 4280.000
9.02506 4212.000
9.04177 4283.000
9.05848 4414.000
9.07519 4288.000
9.09191 4170.000
9.10862 4191.000
9.12533 4315.000
9.14204 4283.000
9.15875 4245.000
9.17546 4359.000
9.19217 4262.000
9.20888 4206.000
9.22560 4223.000
9.24231 4172.000
9.25902 4291.000
9.27573 4328.000
9.29244 4238.000
9.30915 4275.000
9.32586 4219.000
9.34257 4211.000
9.35929 4229.000
9.37600 4229.000
9.39271 4304.000
9.40942 4224.000
9.42613 4151.000
9.44284 4095.000
9.45955 4196.000
9.47626 4134.000
9.49298 4208.000
9.50969 4181.000
9.52640 4122.000
9.54311 4220.000
9.55982 4215.000
9.57653 4162.000
9.59324 4005.000
9.60995 3991.000
9.62667 4107.000
9.64338 4113.000
9.66009 4101.000
9.67680 4190.000
9.69351 4151.000
9.71022 4151.000
9.72693 4039.000
9.74365 4061.000
9.76036 4143.000
9.77707 4088.000
9.79378 4061.000
9.81049 4093.000
9.82720 4001.000
9.84391 4113.000
9.86062 4012.000
9.87734 4103.000
9.89405 4066.000
9.91076 4039.000
9.92747 3992.000
9.94418 4068.000
9.96089 4113.000
9.97760 4021.000
9.99431 4128.000
10.01103 3974.000
10.02774 3906.000
10.04445 4023.000
10.06116 3920.000
10.07787 4107.000
10.09458 4126.000
10.11129 3997.000
10.12800 3986.000
10.14472 3972.000
10.16143 3964.000
10.17814 3942.000
10.19485 3939.000
10.21156 4004.000
10.22827 3919.000
10.24498 3972.000
10.26169 4023.000
10.27841 3855.000
10.29512 3925.000
10.31183 3939.000
10.32854 3991.000
10.34525 3974.000
10.36196 3887.000
10.37867 3924.000
10.39538 3942.000
10.41210 3906.000
10.42881 3938.000
10.44552 3874.000
10.46223 4011.000
10.47894 4023.000
10.49565 3960.000
10.51236 3888.000
10.52907 3897.000
10.54579 3910.000
10.56250 3903.000
10.57921 3983.000
10.59592 3960.000
10.61263 3910.000
10.62934 3922.000
10.64605 3843.000
10.66276 3889.000
10.67948 3897.000
10.69619 3874.000
10.71290 3924.000
10.72961 3758.000
10.74632 3817.000
10.76303 3795.000
10.77974 3780.000
10.79646 3825.000
10.81317 3846.000
10.82988 3678.000
10.84659 3734.000
10.86330 3796.000
10.88001 3919.000
10.89672 3882.000
10.91343 3853.000
10.93015 3818.000
10.94686 3823.000
10.96357 3779.000
10.98028 3784.000
10.99699 3824.000
11.01370 3753.000
11.03041 3827.000
11.04712 3838.000
11.06384 3793.000
11.08055 3852.000
11.09726 3819.000
11.11397 3763.000
11.13068 3806.000
11.14739 3856.000
11.16410 3865.000
11.18081 3795.000
11.19753 3875.000
11.21424 3728.000
11.23095 3757.000
11.24766 3716.000
11.26437 3780.000
11.28108 3832.000
11.29779 3760.000
11.31450 3822.000
11.33122 3835.000
11.34793 3770.000
11.36464 3775.000
11.38135 3706.000
11.39806 3748.000
11.41477 3762.000
11.43148 3706.000
11.44819 3824.000
11.46491 3645.000
11.48162 3784.000
11.49833 3678.000
11.51504 3848.000
11.53175 3755.000
11.54846 3843.000
11.56517 3730.000
11.58188 3750.000
11.59860 3757.000
11.61531 3796.000
11.63202 3640.000
11.64873 3703.000
11.66544 3725.000
11.68215 3838.000
11.69886 3722.000
11.71557 3635.000
11.73229 3788.000
11.74900 3776.000
11.76571 3743.000
11.78242 3756.000
11.79913 3747.000
11.81584 3680.000
11.83255 3651.000
11.84927 3710.000
11.86598 3698.000
11.88269 3726.000
11.89940 3701.000
11.91611 3665.000
11.93282 3605.000
11.94953 3675.000
11.96624 3713.000
11.98296 3744.000
11.99967 3842.000
12.01638 3642.000
12.03309 3772.000
12.04980 3733.000
12.06651 3705.000
12.08322 3722.000
12.09993 3730.000
12.11665 3640.000
12.13336 3597.000
12.15007 3746.000
12.16678 3787.000
12.18349 3657.000
12.20020 3639.000
12.21691 3567.000
12.23362 3720.000
12.25034 3588.000
12.26705 3557.000
12.28376 3746.000
12.30047 3653.000
12.31718 3656.000
12.33389 3703.000
12.35060 3594.000
12.36731 3658.000
12.38403 3675.000
12.40074 3597.000
12.41745 3709.000
12.43416 3556.000
12.45087 3509.000
12.46758 3533.000
12.48429 3603.000
12.50100 3633.000
12.51772 3771.000
12.53443 3667.000
12.55114 3614.000
12.56785 3551.000
12.58456 3613.000
12.60127 3584.000
12.61798 3632.000
12.63469 3535.000
12.65141 3635.000
12.66812 3489.000
12.68483 3712.000
12.70154 3597.000
12.71825 3580.000
12.73496 3655.000
12.75167 3633.000
12.76838 3679.000
12.78510 3595.000
12.80181 3647.000
12.81852 3506.000
12.83523 3554.000
12.85194 3569.000
12.86865 3581.000
12.88536 3501.000
12.90208 3496.000
12.91879 3581.000
12.93550 3690.000
12.95221 3556.000
12.96892 3676.000
12.98563 3634.000
13.00234 3606.000
13.01905 3628.000
13.03577 3640.000
13.05248 3558.000
13.06919 3677.000
13.08590 3587.000
13.10261 3571.000
13.11932 3653.000
13.13603 3556.000
13.15274 3492.000
13.16946 3601.000
13.18617 3611.000
13.20288 3501.000
13.21959 3582.000
13.23630 3579.000
13.25301 3450.000
13.26972 3555.000
13.28643 3572.000
13.30315 3627.000
13.31986 3497.000
13.33657 3504.000
13.35328 3450.000
13.36999 3582.000
13.38670 3575.000
13.40341 3609.000
13.42012 3565.000
13.43684 3456.000
13.45355 3519.000
13.47026 3576.000
13.48697 3551.000
13.50368 3483.000
13.52039 3465.000
13.53710 3573.000
13.55381 3550.000
13.57053 3520.000
13.58724 3501.000
13.60395 3497.000
13.62066 3651.000
13.63737 3478.000
13.65408 3543.000
13.67079 3479.000
13.68750 3450.000
13.70422 3475.000
13.72093 3524.000
13.73764 3488.000
13.75435 3551.000
13.77106 3481.000
13.78777 3484.000
13.80448 3523.000
13.82119 3402.000
13.83791 3551.000
13.85462 3394.000
13.87133 3470.000
13.88804 3472.000
13.90475 3486.000
13.92146 3471.000
13.93817 3474.000
13.95489 3468.000
13.97160 3562.000
13.98831 3501.000
14.00502 3492.000
14.02173 3509.000
14.03844 3512.000
14.05515 3421.000
14.07186 3541.000
14.08858 3518.000
14.10529 3460.000
14.12200 3499.000
14.13871 3554.000
14.15542 3446.000
14.17213 3486.000
14.18884 3561.000
14.20555 3518.000
14.22227 3582.000
14.23898 3430.000
14.25569 3530.000
14.27240 3468.000
14.28911 3466.000
14.30582 3466.000
14.32253 3437.000
14.33924 3518.000
14.35596 3463.000
14.37267 3584.000
14.38938 3534.000
14.40609 3448.000
14.42280 3510.000
14.43951 3455.000
14.45622 3545.000
14.47293 3500.000
14.48965 3421.000
14.50636 3443.000
14.52307 3327.000
14.53978 3473.000
14.55649 3375.000
14.57320 3504.000
14.58991 3332.000
14.60662 3439.000
14.62334 3488.000
14.64005 3660.000
14.65676 3383.000
14.67347 3513.000
14.69018 3394.000
14.70689 3394.000
14.72360 3493.000
14.74031 3348.000
14.75703 3459.000
14.77374 3465.000
14.79045 3365.000
14.80716 3475.000
14.82387 3430.000
14.84058 3425.000
14.85729 3510.000
14.87400 3415.000
14.89072 3450.000
14.90743 3481.000
14.92414 3361.000
14.94085 3412.000
14.95756 3415.000
14.97427 3402.000
14.99098 3445.000
15.00770 3473.000
15.02441 3360.000
15.04112 3349.000
15.05783 3380.000
15.07454 3399.000
15.09125 3377.000
15.10796 3416.000
15.12467 3380.000
15.14139 3456.000
15.15810 3422.000
15.17481 3391.000
15.19152 3486.000
15.20823 3510.000
15.22494 3338.000
15.24165 3235.000
15.25836 3438.000
15.27508 3477.000
15.29179 3353.000
15.30850 3359.000
15.32521 3289.000
15.34192 3400.000
15.35863 3435.000
15.37534 3444.000
15.39205 3338.000
15.40877 3496.000
15.42548 3493.000
15.44219 3410.000
15.45890 3348.000
15.47561 3409.000
15.49232 3402.000
15.50903 3362.000
15.52574 3416.000
15.54246 3309.000
15.55917 3372.000
15.57588 3348.000
15.59259 3383.000
15.60930 3353.000
15.62601 3328.000
15.64272 3392.000
15.65943 3374.000
15.67615 3422.000
15.69286 3302.000
15.70957 3300.000
15.72628 3384.000
15.74299 3378.000
15.75970 3369.000
15.77641 3347.000
15.79312 3386.000
15.80984 3379.000
15.82655 3290.000
15.84326 3376.000
15.85997 3422.000
15.87668 3313.000
15.89339 3374.000
15.91010 3391.000
15.92681 3328.000
15.94353 3394.000
15.96024 3386.000
15.97695 3362.000
15.99366 3481.000
16.01037 3327.000
16.02708 3326.000
16.04379 3289.000
16.06051 3359.000
16.07722 3361.000
16.09393 3318.000
16.11064 3400.000
16.12735 3280.000
16.14406 3425.000
16.16077 3299.000
16.17748 3345.000
16.19420 3249.000
16.21091 3246.000
16.22762 3273.000
16.24433 3334.000
16.26104 3364.000
16.27775 3335.000
16.29446 3272.000
16.31117 3373.000
16.32789 3303.000
16.34460 3353.000
16.36131 3231.000
16.37802 3353.000
16.39473 3417.000
16.41144 3325.000
16.42815 3211.000
16.44486 3312.000
16.46158 3322.000
16.47829 3384.000
16.49500 3303.000
16.51171 3297.000
16.52842 3368.000
16.54513 3359.000
16.56184 3354.000
16.57855 3257.000
16.59527 3244.000
16.61198 3270.000
16.62869 3252.000
16.64540 3361.000
16.66211 3328.000
16.67882 3294.000
16.69553 3213.000
16.71224 3279.000
16.72896 3390.000
16.74567 3261.000
16.76238 3240.000
16.77909 3188.000
16.79580 3318.000
16.81251 3211.000
16.82922 3263.000
16.84593 3217.000
16.86265 3273.000
16.87936 3317.000
16.89607 3251.000
16.91278 3311.000
16.92949 3367.000
16.94620 3338.000
16.96291 3278.000
16.97962 3286.000
16.99634 3203.000
17.01305 3371.000
17.02976 3254.000
17.04647 3188.000
17.06318 3393.000
17.07989 3330.000
17.09660 3288.000
17.11332 3294.000
17.13003 3253.000
17.14674 3275.000
17.16345 3242.000
17.18016 3204.000
17.19687 3201.000
17.21358 3267.000
17.23029 3206.000
17.24701 3238.000
17.26372 3215.000
17.28043 3234.000
17.29714 3184.000
17.31385 3271.000
17.33056 3277.000
17.34727 3212.000
17.36398 3288.000
17.38070 3326.000
17.39741 3223.000
17.41412 3239.000
17.43083 3266.000
17.44754 3229.000
17.46425 3241.000
17.48096 3286.000
17.49767 3226.000
17.51439 3324.000
17.53110 3372.000
17.54781 3320.000
17.56452 3195.000
17.58123 3243.000
17.59794 3244.000
17.61465 3268.000
17.63136 3218.000
17.64808 3243.000
17.66479 3135.000
17.68150 3183.000
17.69821 3205.000
17.71492 3195.000
17.73163 3237.000
17.74834 3227.000
17.76505 3151.000
17.78177 3239.000
17.79848 3307.000
17.81519 3403.000
17.83190 3301.000
17.84861 3206.000
17.86532 3202.000
17.88203 3263.000
17.89874 3231.000
17.91546 3212.000
17.93217 3346.000
17.94888 3382.000
17.96559 3306.000
17.98230 3209.000
17.99901 3318.000
18.01572 3380.000
18.03243 3325.000
18.04915 3251.000
18.06586 3243.000
18.08257 3303.000
18.09928 3315.000
18.11599 3337.000
18.13270 3272.000
18.14941 3187.000
18.16613 3171.000
18.18284 3256.000
18.19955 3298.000
18.21626 3327.000
18.23297 3234.000
18.24968 3248.000
18.26639 3312.000
18.28310 3266.000
18.29982 3317.000
18.31653 3211.000
18.33324 3261.000
18.34995 3114.000
18.36666 3211.000
18.38337 3114.000
18.40008 3241.000
18.41679 3287.000
18.43351 3328.000
18.45022 3298.000
18.46693 3140.000
18.48364 3326.000
18.50035 3305.000
18.51706 3241.000
18.53377 3261.000
18.55048 3310.000
18.56720 3207.000
18.58391 3204.000
18.60062 3284.000
18.61733 3115.000
18.63404 3301.000
18.65075 3353.000
18.66746 3183.000
18.68417 3181.000
18.70089 3282.000
18.71760 3231.000
18.73431 3322.000
18.75102 3242.000
18.76773 3282.000
18.78444 3288.000
18.80115 3330.000
18.81786 3162.000
18.83458 3262.000
18.85129 3242.000
18.86800 3235.000
18.88471 3169.000
18.90142 3197.000
18.91813 3212.000
18.93484 3296.000
18.95155 3322.000
18.96827 3251.000
18.98498 3320.000
19.00169 3332.000
19.01840 3224.000
19.03511 3260.000
19.05182 3249.000
19.06853 3289.000
19.08524 3157.000
19.10196 3206.000
19.11867 3207.000
19.13538 3275.000
19.15209 3195.000
19.16880 3289.000
19.18551 3262.000
19.20222 3277.000
19.21894 3336.000
19.23565 3281.000
19.25236 3282.000
19.26907 3262.000
19.28578 3251.000
19.30249 3239.000
19.31920 3277.000
19.33591 3211.000
19.35263 3241.000
19.36934 3248.000
19.38605 3213.000
19.40276 3258.000
19.41947 3313.000
19.43618 3236.000
19.45289 3265.000
19.46960 3257.000
19.48632 3333.000
19.50303 3241.000
19.51974 3193.000
19.53645 3365.000
19.55316 3368.000
19.56987 3261.000
19.58658 3253.000
19.60329 3337.000
19.62001 3319.000
19.63672 3305.000
19.65343 3336.000
19.67014 3335.000
19.68685 3314.000
19.70356 3308.000
19.72027 3268.000
19.73698 3205.000
19.75370 3262.000
19.77041 3279.000
19.78712 3280.000
19.80383 3210.000
19.82054 3296.000
19.83725 3183.000
19.85396 3362.000
19.87067 3323.000
19.88739 3294.000
19.90410 3338.000
19.92081 3254.000
19.93752 3341.000
19.95423 3386.000
19.97094 3327.000
19.98765 3279.000
20.00436 3327.000
20.02108 3296.000
20.03779 3330.000
20.05450 3152.000
20.07121 3436.000
20.08792 3203.000
20.10463 3243.000
20.12134 3258.000
20.13805 3280.000
20.15477 3284.000
20.17148 3180.000
20.18819 3232.000
20.20490 3230.000
20.22161 3317.000
20.23832 3284.000
20.25503 3181.000
20.27175 3285.000
20.28846 3229.000
20.30517 3267.000
20.32188 3296.000
20.33859 3275.000
20.35530 3250.000
20.37201 3264.000
20.38872 3312.000
20.40544 3255.000
20.42215 3407.000
20.43886 3247.000
20.45557 3312.000
20.47228 3298.000
20.48899 3142.000
20.50570 3242.000
20.52241 3228.000
20.53913 3255.000
20.55584 3313.000
20.57255 3180.000
20.58926 3378.000
20.60597 3234.000
20.62268 3261.000
20.63939 3306.000
20.65610 3326.000
20.67282 3296.000
20.68953 3277.000
20.70624 3322.000
20.72295 3310.000
20.73966 3242.000
20.75637 3380.000
20.77308 3327.000
20.78979 3379.000
20.80651 3297.000
20.82322 3331.000
20.83993 3396.000
20.85664 3327.000
20.87335 3283.000
20.89006 3365.000
20.90677 3441.000
20.92348 3228.000
20.94020 3275.000
20.95691 3228.000
20.97362 3281.000
20.99033 3235.000
21.00704 3234.000
21.02375 3419.000
21.04046 3306.000
21.05717 3279.000
21.07389 3331.000
21.09060 3312.000
21.10731 3272.000
21.12402 3290.000
21.14073 3212.000
21.15744 3312.000
21.17415 3286.000
21.19086 3288.000
21.20758 3246.000
21.22429 3191.000
21.24100 3238.000
21.25771 3351.000
21.27442 3332.000
21.29113 3347.000
21.30784 3222.000
21.32456 3273.000
21.34127 3329.000
21.35798 3326.000
21.37469 3283.000
21.39140 3347.000
21.40811 3384.000
21.42482 3197.000
21.44153 3251.000
21.45825 3444.000
21.47496 3366.000
21.49167 3256.000
21.50838 3248.000
21.52509 3348.000
21.54180 3314.000
21.55851 3314.000
21.57522 3168.000
21.59194 3342.000
21.60865 3293.000
21.62536 3251.000
21.64207 3344.000
21.65878 3197.000
21.67549 3358.000
21.69220 3162.000
21.70891 3306.000
21.72563 3295.000
21.74234 3352.000
21.75905 3271.000
21.77576 3324.000
21.79247 3325.000
21.80918 3282.000
21.82589 3385.000
21.84260 3305.000
21.85932 3298.000
21.87603 3284.000
21.89274 3372.000
21.90945 3338.000
21.92616 3272.000
21.94287 3283.000
21.95958 3373.000
21.97629 3321.000
21.99301 3343.000
22.00972 3339.000
22.02643 3322.000
22.04314 3349.000
22.05985 3276.000
22.07656 3260.000
22.09327 3386.000
22.10998 3232.000
22.12670 3373.000
22.14341 3380.000
22.16012 3254.000
22.17683 3265.000
22.19354 3351.000
22.21025 3228.000
22.22696 3091.000
22.24368 3262.000
22.26039 3296.000
22.27710 3213.000
22.29381 3248.000
22.31052 3289.000
22.32723 3259.000
22.34394 3276.000
22.36065 3336.000
22.37737 3370.000
22.39408 3343.000
22.41079 3288.000
22.42750 3338.000
22.44421 3231.000
22.46092 3224.000
22.47763 3290.000
22.49434 3253.000
22.51106 3324.000
22.52777 3319.000
22.54448 3311.000
22.56119 3345.000
22.57790 3233.000
22.59461 3188.000
22.61132 3194.000
22.62803 3298.000
22.64475 3275.000
22.66146 3322.000
22.67817 3382.000
22.69488 3341.000
22.71159 3325.000
22.72830 3419.000
22.74501 3208.000
22.76172 3315.000
22.77844 3392.000
22.79515 3419.000
22.81186 3327.000
22.82857 3243.000
22.84528 3263.000
22.86199 3231.000
22.87870 3332.000
22.89541 3286.000
22.91213 3306.000
22.92884 3351.000
22.94555 3426.000
22.96226 3279.000
22.97897 3301.000
22.99568 3295.000
23.01239 3253.000
23.02910 3390.000
23.04582 3331.000
23.06253 3184.000
23.07924 3334.000
23.09595 3299.000
23.11266 3298.000
23.12937 3367.000
23.14608 3336.000
23.16279 3267.000
23.17951 3206.000
23.19622 3180.000
23.21293 3309.000
23.22964 3309.000
23.24635 3237.000
23.26306 3261.000
23.27977 3293.000
23.29649 3344.000
23.31320 3294.000
23.32991 3253.000
23.34662 3215.000
23.36333 3306.000
23.38004 3352.000
23.39675 3179.000
23.41346 3215.000
23.43018 3346.000
23.44689 3262.000
23.46360 3264.000
23.48031 3225.000
23.49702 3290.000
23.51373 3216.000
23.53044 3510.000
23.54715 3294.000
23.56387 3368.000
23.58058 3258.000
23.59729 3299.000
23.61400 3175.000
23.63071 3306.000
23.64742 3232.000
23.66413 3222.000
23.68084 3324.000
23.69756 3229.000
23.71427 3236.000
23.73098 3262.000
23.74769 3322.000
23.76440 3252.000
23.78111 3310.000
23.79782 3310.000
23.81453 3175.000
23.83125 3194.000
23.84796 3285.000
23.86467 3173.000
23.88138 3309.000
23.89809 3324.000
23.91480 3299.000
23.93151 3244.000
23.94822 3213.000
23.96494 3256.000
23.98165 3257.000
23.99836 3176.000
24.01507 3240.000
24.03178 3265.000
24.04849 3306.000
24.06520 3167.000
24.08191 3233.000
24.09863 3335.000
24.11534 3137.000
24.13205 3132.000
24.14876 3339.000
24.16547 3076.000
24.18218 3191.000
24.19889 3257.000
24.21560 3247.000
24.23232 3284.000
24.24903 3291.000
24.26574 3291.000
24.28245 3158.000
24.29916 3228.000
24.31587 3145.000
24.33258 3242.000
24.34930 3287.000
24.36601 3176.000
24.38272 3240.000
24.39943 3143.000
24.41614 3318.000
24.43285 3212.000
24.44956 3161.000
24.46627 3255.000
24.48299 3226.000
24.49970 3214.000
24.51641 3142.000
24.53312 3204.000
24.54983 3211.000
24.56654 3307.000
24.58325 3224.000
24.59996 3256.000
24.61668 3235.000
24.63339 3309.000
24.65010 3247.000
24.66681 3218.000
24.68352 3179.000
24.70023 3218.000
24.71694 3247.000
24.73365 3159.000
24.75037 3237.000
24.76708 3186.000
24.78379 3183.000
24.80050 3211.000
24.81721 3241.000
24.83392 3252.000
24.85063 3212.000
24.86734 3247.000
24.88406 3279.000
24.90077 3237.000
24.91748 3307.000
24.93419 3268.000
24.95090 3314.000
24.96761 3296.000
24.98432 3370.000
25.00103 3155.000
25.01775 3373.000
25.03446 3281.000
25.05117 3264.000
25.06788 3171.000
25.08459 3232.000
25.10130 3136.000
25.11801 3228.000
25.13472 3171.000
25.15144 3152.000
25.16815 3138.000
25.18486 3210.000
25.20157 3175.000
25.21828 3112.000
25.23499 3265.000
25.25170 3122.000
25.26841 3159.000
25.28513 3164.000
25.30184 3176.000
25.31855 3087.000
25.33526 3165.000
25.35197 3188.000
25.36868 3213.000
25.38539 3073.000
25.40211 3093.000
25.41882 3167.000
25.43553 3157.000
25.45224 3226.000
25.46895 3263.000
25.48566 3175.000
25.50237 3156.000
25.51908 3239.000
25.53580 3116.000
25.55251 3024.000
25.56922 3118.000
25.58593 3149.000
25.60264 3210.000
25.61935 3160.000
25.63606 3130.000
25.65277 3119.000
25.66949 3140.000
25.68620 3116.000
25.70291 3190.000
25.71962 3191.000
25.73633 3155.000
25.75304 3087.000
25.76975 3163.000
25.78646 3189.000
25.80318 3155.000
25.81989 3170.000
25.83660 3141.000
25.85331 3142.000
25.87002 3246.000
25.88673 3091.000
25.90344 3182.000
25.92015 3162.000
25.93687 3123.000
25.95358 3082.000
25.97029 3086.000
25.98700 3263.000
26.00371 3123.000
26.02042 3148.000
26.03713 3195.000
26.05384 3159.000
26.07056 3141.000
26.08727 3155.000
26.10398 3175.000
26.12069 3213.000
26.13740 3124.000
26.15411 3082.000
26.17082 3175.000
26.18753 3118.000
26.20425 3117.000
26.22096 3135.000
26.23767 3129.000
26.25438 3108.000
26.27109 3155.000
26.28780 3092.000
26.30451 3074.000
26.32122 3084.000
26.33794 3033.000
26.35465 3172.000
26.37136 3034.000
26.38807 3119.000
26.40478 3005.000
26.42149 3219.000
26.43820 3093.000
26.45492 3053.000
26.47163 3117.000
26.48834 3167.000
26.50505 3105.000
26.52176 3116.000
26.53847 3159.000
26.55518 3011.000
26.57189 3208.000
26.58861 3279.000
26.60532 3040.000
26.62203 3153.000
26.63874 3168.000
26.65545 2977.000
26.67216 3072.000
26.68887 3017.000
26.70558 3000.000
26.72230 3047.000
26.73901 3096.000
26.75572 3047.000
26.77243 3002.000
26.78914 3078.000
26.80585 3074.000
26.82256 3077.000
26.83927 3077.000
26.85599 3153.000
26.87270 3073.000
26.88941 3083.000
26.90612 3101.000
26.92283 3056.000
26.93954 3057.000
26.95625 3035.000
26.97296 3099.000
26.98968 3068.000
27.00639 3049.000
27.02310 3071.000
27.03981 3084.000
27.05652 3096.000
27.07323 3026.000
27.08994 3052.000
27.10665 2987.000
27.12337 3088.000
27.14008 3098.000
27.15679 3002.000
27.17350 3007.000
27.19021 2931.000
27.20692 3065.000
27.22363 3059.000
27.24034 3078.000
27.25706 2960.000
27.27377 3061.000
27.29048 2954.000
27.30719 3090.000
27.32390 3017.000
27.34061 3094.000
27.35732 3053.000
27.37403 2965.000
27.39075 3076.000
27.40746 3121.000
27.42417 3025.000
27.44088 3105.000
27.45759 3048.000
27.47430 3003.000
27.49101 3089.000
27.50773 2991.000
27.52444 3040.000
27.54115 2962.000
27.55786 2942.000
27.57457 3052.000
27.59128 3000.000
27.60799 2878.000
27.62470 2972.000
27.64142 2847.000
27.65813 2952.000
27.67484 3006.000
27.69155 3072.000
27.70826 2977.000
27.72497 2906.000
27.74168 3010.000
27.75839 3022.000
27.77511 2924.000
27.79182 3076.000
27.80853 3058.000
27.82524 2974.000
27.84195 3019.000
27.85866 2972.000
27.87537 2958.000
27.89208 2895.000
27.90880 3027.000
27.92551 2920.000
27.94222 2885.000
27.95893 2941.000
27.97564 2933.000
27.99235 3002.000
28.00906 2970.000
28.02577 2951.000
28.04249 2924.000
28.05920 3001.000
28.07591 2871.000
28.09262 2993.000
28.10933 2967.000
28.12604 2883.000
28.14275 2998.000
28.15946 3007.000
28.17618 2908.000
28.19289 2938.000
28.20960 2964.000
28.22631 2897.000
28.24302 2949.000
28.25973 2987.000
28.27644 2997.000
28.29315 2985.000
28.30987 2955.000
28.32658 2942.000
28.34329 2942.000
28.36000 2977.000
28.37671 2970.000
28.39342 2912.000
28.41013 2939.000
28.42684 3020.000
28.44356 2921.000
28.46027 2940.000
28.47698 2895.000
28.49369 2940.000
28.51040 2772.000
28.52711 2948.000
28.54382 2911.000
28.56054 2964.000
28.57725 2921.000
28.59396 2944.000
28.61067 2888.000
28.62738 2803.000
28.64409 2815.000
28.66080 2916.000
28.67751 2858.000
28.69423 2900.000
28.71094 2830.000
28.72765 2920.000
28.74436 2793.000
28.76107 2971.000
28.77778 2939.000
28.79449 2927.000
28.81120 2848.000
28.82792 2974.000
28.84463 2938.000
28.86134 2783.000
28.87805 2882.000
28.89476 2873.000
28.91147 2827.000
28.92818 2752.000
28.94489 2863.000
28.96161 2850.000
28.97832 2749.000
28.99503 2756.000
29.01174 2894.000
29.02845 2856.000
29.04516 2793.000
29.06187 2816.000
29.07858 2773.000
29.09530 2936.000
29.11201 2825.000
29.12872 2977.000
29.14543 2765.000
29.16214 2912.000
29.17885 2881.000
29.19556 2916.000
29.21227 2820.000
29.22899 2847.000
29.24570 2883.000
29.26241 2885.000
29.27912 2838.000
29.29583 2903.000
29.31254 2892.000
29.32925 2884.000
29.34596 2817.000
29.36268 2859.000
29.37939 2894.000
29.39610 2900.000
29.41281 2991.000
29.42952 2944.000
29.44623 3023.000
29.46294 2878.000
29.47965 2846.000
29.49637 2921.000
29.51308 2895.000
29.52979 2891.000
29.54650 2832.000
29.56321 2878.000
29.57992 2868.000
29.59663 2859.000
29.61335 2901.000
29.63006 2879.000
29.64677 2808.000
29.66348 2857.000
29.68019 2896.000
29.69690 2858.000
29.71361 2875.000
29.73032 2783.000
29.74704 2845.000
29.76375 2884.000
29.78046 2942.000
29.79717 2843.000
29.81388 2759.000
29.83059 2757.000
29.84730 2888.000
29.86401 2944.000
29.88073 2789.000
29.89744 2818.000
29.91415 2861.000
29.93086 2881.000
29.94757 2914.000
29.96428 2909.000
29.98099 2982.000
29.99770 3014.000
30.01442 2945.000
30.03113 2939.000
30.04784 2997.000
30.06455 2925.000
30.08126 3059.000
30.09797 2970.000
30.11468 2995.000
30.13139 3095.000
30.14811 3179.000
30.16482 3275.000
30.18153 3285.000
30.19824 3263.000
30.21495 3485.000
30.23166 3641.000
30.24837 3704.000
30.26508 3961.000
30.28180 4334.000
30.29851 4740.000
30.31522 5149.000
30.33193 5700.000
30.34864 6660.000
30.36535 8210.000
30.38206 10639.000
30.39877 13320.000
30.41549 16177.000
30.43220 18974.000
30.44891 20174.000
30.46562 19832.000
30.48233 17915.000
30.49904 16228.000
30.51575 14414.000
30.53246 12620.000
30.54918 10725.000
30.56589 8747.000
30.58260 6804.000
30.59931 5505.000
30.61602 4688.000
30.63273 4242.000
30.64944 3841.000
30.66616 3721.000
30.68287 3493.000
30.69958 3415.000
30.71629 3317.000
30.73300 3241.000
30.74971 3077.000
30.76642 2974.000
30.78313 3061.000
30.79985 2973.000
30.81656 2970.000
30.83327 2787.000
30.84998 2881.000
30.86669 2946.000
30.88340 2874.000
30.90011 2851.000
30.91682 2839.000
30.93354 2791.000
30.95025 2744.000
30.96696 2826.000
30.98367 2838.000
31.00038 2752.000
31.01709 2777.000
31.03380 2777.000
31.05051 2809.000
31.06723 2635.000
31.08394 2792.000
31.10065 2654.000
31.11736 2661.000
31.13407 2774.000
31.15078 2673.000
31.16749 2701.000
31.18420 2749.000
31.20092 2666.000
31.21763 2657.000
31.23434 2697.000
31.25105 2684.000
31.26776 2642.000
31.28447 2688.000
31.30118 2681.000
31.31789 2662.000
31.33461 2608.000
31.35132 2638.000
31.36803 2674.000
31.38474 2625.000
31.40145 2596.000
31.41816 2588.000
31.43487 2586.000
31.45158 2568.000
31.46830 2590.000
31.48501 2577.000
31.50172 2602.000
31.51843 2566.000
31.53514 2647.000
31.55185 2560.000
31.56856 2590.000
31.58527 2598.000
31.60199 2587.000
31.61870 2620.000
31.63541 2652.000
31.65212 2513.000
31.66883 2562.000
31.68554 2603.000
31.70225 2646.000
31.71897 2623.000
31.73568 2477.000
31.75239 2563.000
31.76910 2537.000
31.78581 2607.000
31.80252 2559.000
31.81923 2498.000
31.83594 2570.000
31.85266 2553.000
31.86937 2484.000
31.88608 2536.000
31.90279 2595.000
31.91950 2500.000
31.93621 2546.000
31.95292 2536.000
31.96963 2498.000
31.98635 2561.000
32.00306 2472.000
32.01977 2569.000
32.03648 2408.000
32.05319 2491.000
32.06990 2503.000
32.08661 2551.000
32.10332 2424.000
32.12004 2576.000
32.13675 2557.000
32.15346 2479.000
32.17017 2518.000
32.18688 2490.000
32.20359 2493.000
32.22030 2461.000
32.23701 2484.000
32.25373 2460.000
32.27044 2447.000
32.28715 2556.000
32.30386 2482.000
32.32057 2482.000
32.33728 2447.000
32.35399 2450.000
32.37070 2411.000
32.38742 2504.000
32.40413 2467.000
32.42084 2521.000
32.43755 2500.000
32.45426 2412.000
32.47097 2454.000
32.48768 2538.000
32.50439 2405.000
32.52111 2516.000
32.53782 2391.000
32.55453 2342.000
32.57124 2423.000
32.58795 2490.000
32.60466 2310.000
32.62137 2490.000
32.63808 2470.000
32.65480 2432.000
32.67151 2426.000
32.68822 2407.000
32.70493 2381.000
32.72164 2396.000
32.73835 2514.000
32.75506 2320.000
32.77178 2457.000
32.78849 2530.000
32.80520 2498.000
32.82191 2420.000
32.83862 2383.000
32.85533 2461.000
32.87204 2417.000
32.88875 2352.000
32.90547 2407.000
32.92218 2409.000
32.93889 2485.000
32.95560 2339.000
32.97231 2407.000
32.98902 2427.000
33.00573 2473.000
33.02244 2434.000
33.03916 2471.000
33.05587 2361.000
33.07258 2348.000
33.08929 2331.000
33.10600 2414.000
33.12271 2389.000
33.13942 2342.000
33.15613 2411.000
33.17285 2383.000
33.18956 2370.000
33.20627 2332.000
33.22298 2354.000
33.23969 2423.000
33.25640 2448.000
33.27311 2290.000
33.28982 2343.000
33.30654 2347.000
33.32325 2355.000
33.33996 2357.000
33.35667 2369.000
33.37338 2334.000
33.39009 2350.000
33.40680 2271.000
33.42351 2408.000
33.44023 2389.000
33.45694 2408.000
33.47365 2338.000
33.49036 2334.000
33.50707 2386.000
33.52378 2302.000
33.54049 2324.000
33.55720 2359.000
33.57392 2307.000
33.59063 2294.000
33.60734 2310.000
33.62405 2306.000
33.64076 2245.000
33.65747 2214.000
33.67418 2230.000
33.69089 2319.000
33.70761 2363.000
33.72432 2296.000
33.74103 2344.000
33.75774 2355.000
33.77445 2275.000
33.79116 2305.000
33.80787 2373.000
33.82459 2361.000
33.84130 2339.000
33.85801 2316.000
33.87472 2344.000
33.89143 2320.000
33.90814 2396.000
33.92485 2293.000
33.94156 2286.000
33.95828 2248.000
33.97499 2229.000
33.99170 2278.000
34.00841 2287.000
34.02512 2290.000
34.04183 2222.000
34.05854 2275.000
34.07525 2284.000
34.09197 2283.000
34.10868 2302.000
34.12539 2240.000
34.14210 2260.000
34.15881 2218.000
34.17552 2280.000
34.19223 2245.000
34.20894 2215.000
34.22566 2308.000
34.24237 2212.000
34.25908 2280.000
34.27579 2233.000
34.29250 2300.000
34.30921 2328.000
34.32592 2268.000
34.34263 2449.000
34.35935 2356.000
34.37606 2196.000
34.39277 2320.000
34.40948 2352.000
34.42619 2238.000
34.44290 2272.000
34.45961 2244.000
34.47632 2287.000
34.49304 2324.000
34.50975 2327.000
34.52646 2284.000
34.54317 2301.000
34.55988 2323.000
34.57659 2413.000
34.59330 2318.000
34.61001 2459.000
34.62673 2492.000
34.64344 2526.000
34.66015 2632.000
34.67686 2867.000
34.69357 3239.000
34.71028 3696.000
34.72699 3754.000
34.74370 3912.000
34.76042 3727.000
34.77713 3449.000
34.79384 3274.000
34.81055 3201.000
34.82726 3219.000
34.84397 2992.000
34.86068 2817.000
34.87740 2647.000
34.89411 2485.000
34.91082 2409.000
34.92753 2385.000
34.94424 2290.000
34.96095 2343.000
34.97766 2333.000
34.99437 2309.000
35.01109 2341.000
35.02780 2188.000
35.04451 2339.000
35.06122 2230.000
35.07793 2256.000
35.09464 2184.000
35.11135 2242.000
35.12806 2217.000
35.14478 2286.000
35.16149 2242.000
35.17820 2221.000
35.19491 2246.000
35.21162 2268.000
35.22833 2192.000
35.24504 2134.000
35.26175 2279.000
35.27847 2197.000
35.29518 2299.000
35.31189 2172.000
35.32860 2140.000
35.34531 2140.000
35.36202 2280.000
35.37873 2103.000
35.39544 2138.000
35.41216 2209.000
35.42887 2123.000
35.44558 2182.000
35.46229 2193.000
35.47900 2159.000
35.49571 2137.000
35.51242 2248.000
35.52913 2161.000
35.54585 2221.000
35.56256 2116.000
35.57927 2183.000
35.59598 2160.000
35.61269 2113.000
35.62940 2129.000
35.64611 2120.000
35.66282 2117.000
35.67954 2144.000
35.69625 2209.000
35.71296 2185.000
35.72967 2120.000
35.74638 2195.000
35.76309 2104.000
35.77980 2205.000
35.79651 2182.000
35.81323 2116.000
35.82994 2123.000
35.84665 2030.000
35.86336 2105.000
35.88007 2115.000
35.89678 2130.000
35.91349 2109.000
35.93021 2082.000
35.94692 2177.000
35.96363 2122.000
35.98034 2112.000
35.99705 2079.000
36.01376 2172.000
36.03047 2107.000
36.04718 2092.000
36.06390 2094.000
36.08061 2212.000
36.09732 2213.000
36.11403 2165.000
36.13074 2125.000
36.14745 2063.000
36.16416 2077.000
36.18087 2090.000
36.19759 2195.000
36.21430 2105.000
36.23101 2091.000
36.24772 2085.000
36.26443 2104.000
36.28114 2082.000
36.29785 1990.000
36.31456 2110.000
36.33128 2094.000
36.34799 2110.000
36.36470 2076.000
36.38141 2090.000
36.39812 2059.000
36.41483 2048.000
36.43154 2055.000
36.44825 2056.000
36.46497 2091.000
36.48168 2147.000
36.49839 2110.000
36.51510 2063.000
36.53181 2104.000
36.54852 2066.000
36.56523 2071.000
36.58194 2079.000
36.59866 2061.000
36.61537 2067.000
36.63208 2128.000
36.64879 2061.000
36.66550 2024.000
36.68221 2038.000
36.69892 2031.000
36.71563 2154.000
36.73235 2014.000
36.74906 2010.000
36.76577 2045.000
36.78248 2023.000
36.79919 2110.000
36.81590 2053.000
36.83261 2110.000
36.84932 2055.000
36.86604 2110.000
36.88275 2058.000
36.89946 2114.000
36.91617 2051.000
36.93288 2127.000
36.94959 2095.000
36.96630 2071.000
36.98302 1972.000
36.99973 2055.000
37.01644 2085.000
37.03315 1996.000
37.04986 2014.000
37.06657 2067.000
37.08328 2042.000
37.09999 2154.000
37.11671 2046.000
37.13342 2076.000
37.15013 2027.000
37.16684 1990.000
37.18355 1990.000
37.20026 2173.000
37.21697 2066.000
37.23368 2074.000
37.25040 2021.000
37.26711 2005.000
37.28382 2014.000
37.30053 2085.000
37.31724 2072.000
37.33395 1975.000
37.35066 2003.000
37.36737 2185.000
37.38409 2030.000
37.40080 2035.000
37.41751 2075.000
37.43422 2049.000
37.45093 2070.000
37.46764 2075.000
37.48435 2034.000
37.50106 2057.000
37.51778 2018.000
37.53449 2070.000
37.55120 2036.000
37.56791 2006.000
37.58462 2062.000
37.60133 2040.000
37.61804 2089.000
37.63475 2019.000
37.65147 1995.000
37.66818 2057.000
37.68489 1994.000
37.70160 1990.000
37.71831 2034.000
37.73502 1978.000
37.75173 2057.000
37.76844 2077.000
37.78516 2026.000
37.80187 2017.000
37.81858 2003.000
37.83529 2072.000
37.85200 1883.000
37.86871 2096.000
37.88542 2040.000
37.90213 1996.000
37.91885 2040.000
37.93556 1951.000
37.95227 2019.000
37.96898 2020.000
37.98569 2009.000
38.00240 2016.000
38.01911 2017.000
38.03583 2046.000
38.05254 1975.000
38.06925 2125.000
38.08596 2040.000
38.10267 1955.000
38.11938 2110.000
38.13609 1976.000
38.15280 2043.000
38.16952 1984.000
38.18623 2022.000
38.20294 2032.000
38.21965 2031.000
38.23636 1978.000
38.25307 2076.000
38.26978 1997.000
38.28649 1949.000
38.30321 1979.000
38.31992 1935.000
38.33663 1957.000
38.35334 2007.000
38.37005 2126.000
38.38676 2005.000
38.40347 2092.000
38.42018 1996.000
38.43690 2058.000
38.45361 2085.000
38.47032 1945.000
38.48703 2050.000
38.50374 2032.000
38.52045 1974.000
38.53716 1986.000
38.55387 1955.000
38.57059 2026.000
38.58730 2029.000
38.60401 2078.000
38.62072 2010.000
38.63743 1973.000
38.65414 1982.000
38.67085 2015.000
38.68756 1986.000
38.70428 1965.000
38.72099 2059.000
38.73770 2125.000
38.75441 2010.000
38.77112 2040.000
38.78783 2087.000
38.80454 1991.000
38.82125 2081.000
38.83797 2063.000
38.85468 2041.000
38.87139 1994.000
38.88810 2085.000
38.90481 2059.000
38.92152 2056.000
38.93823 2073.000
38.95495 2028.000
38.97166 2052.000
38.98837 2015.000
39.00508 1957.000
39.02179 1974.000
39.03850 2077.000
39.05521 2075.000
39.07192 2001.000
39.08864 2098.000
39.10535 1964.000
39.12206 2021.000
39.13877 1980.000
39.15548 2032.000
39.17219 1981.000
39.18890 2019.000
39.20561 2113.000
39.22233 2125.000
39.23904 1991.000
39.25575 2046.000
39.27246 2027.000
39.28917 1971.000
39.30588 2048.000
39.32259 1976.000
39.33930 2001.000
39.35602 1971.000
39.37273 1919.000
39.38944 2083.000
39.40615 2053.000
39.42286 2048.000
39.43957 2043.000
39.45628 2068.000
39.47299 2041.000
39.48971 2089.000
39.50642 1949.000
39.52313 1996.000
39.53984 2052.000
39.55655 2014.000
39.57326 2023.000
39.58997 2054.000
39.60668 2117.000
39.62340 1984.000
39.64011 1979.000
39.65682 1940.000
39.67353 2024.000
39.69024 1964.000
39.70695 1950.000
39.72366 2087.000
39.74037 1982.000
39.75709 2007.000
39.77380 1958.000
39.79051 2016.000
39.80722 2020.000
39.82393 2026.000
39.84064 1969.000
39.85735 1974.000
39.87406 2061.000
39.89078 1949.000
39.90749 1996.000
39.92420 1917.000
39.94091 1998.000
39.95762 2073.000
39.97433 1929.000
39.99104 1992.000
40.00776 2003.000
40.02447 2035.000
40.04118 1958.000
40.05789 1969.000
40.07460 2016.000
40.09131 1945.000
40.10802 1929.000
40.12473 2027.000
40.14145 2011.000
40.15816 2057.000
40.17487 1897.000
40.19158 1973.000
40.20829 2054.000
40.22500 1997.000
40.24171 1964.000
40.25842 1952.000
40.27514 2040.000
40.29185 1932.000
40.30856 1937.000
40.32527 2000.000
40.34198 1961.000
40.35869 2017.000
40.37540 2016.000
40.39211 2020.000
40.40883 1988.000
40.42554 1980.000
40.44225 1935.000
40.45896 2018.000
40.47567 2027.000
40.49238 2001.000
40.50909 2027.000
40.52580 2017.000
40.54252 2015.000
40.55923 1991.000
40.57594 1987.000
40.59265 2045.000
40.60936 1922.000
40.62607 1926.000
40.64278 2055.000
40.65949 1979.000
40.67621 1968.000
40.69292 2043.000
40.70963 2051.000
40.72634 1983.000
40.74305 1969.000
40.75976 1912.000
40.77647 1988.000
40.79318 1941.000
40.80990 1967.000
40.82661 1983.000
40.84332 1951.000
40.86003 1935.000
40.87674 1945.000
40.89345 1979.000
40.91016 1951.000
40.92687 2082.000
40.94359 2006.000
40.96030 2014.000
40.97701 1952.000
40.99372 1936.000
41.01043 1936.000
41.02714 1927.000
41.04385 2001.000
41.06057 1873.000
41.07728 1955.000
41.09399 1968.000
41.11070 1961.000
41.12741 1955.000
41.14412 1987.000
41.16083 1980.000
41.17754 2011.000
41.19426 1956.000
41.21097 1948.000
41.22768 2017.000
41.24439 1956.000
41.26110 2046.000
41.27781 1901.000
41.29452 1992.000
41.31123 1990.000
41.32795 1950.000
41.34466 1912.000
41.36137 1971.000
41.37808 1930.000
41.39479 2015.000
41.41150 1976.000
41.42821 1932.000
41.44492 1978.000
41.46164 1950.000
41.47835 1965.000
41.49506 1975.000
41.51177 1991.000
41.52848 1956.000
41.54519 1977.000
41.56190 1944.000
41.57861 1967.000
41.59533 1961.000
41.61204 1939.000
41.62875 2002.000
41.64546 1939.000
41.66217 1964.000
41.67888 2026.000
41.69559 2019.000
41.71230 2069.000
41.72902 1899.000
41.74573 2046.000
41.76244 2035.000
41.77915 1960.000
41.79586 2054.000
41.81257 1952.000
41.82928 1931.000
41.84599 2075.000
41.86271 2026.000
41.87942 2093.000
41.89613 2036.000
41.91284 2051.000
41.92955 2017.000
41.94626 1970.000
41.96297 1979.000
41.97968 1938.000
41.99640 1949.000
42.01311 2006.000
42.02982 1951.000
42.04653 2062.000
42.06324 2082.000
42.07995 1997.000
42.09666 1999.000
42.11338 2025.000
42.13009 2061.000
42.14680 2068.000
42.16351 2014.000
42.18022 2001.000
42.19693 2026.000
42.21364 1910.000
42.23035 2015.000
42.24707 1972.000
42.26378 2002.000
42.28049 1937.000
42.29720 1959.000
42.31391 1964.000
42.33062 2026.000
42.34733 2075.000
42.36404 2064.000
42.38076 2019.000
42.39747 2009.000
42.41418 2020.000
42.43089 2038.000
42.44760 2052.000
42.46431 2081.000
42.48102 2068.000
42.49773 2039.000
42.51445 2065.000
42.53116 2082.000
42.54787 2014.000
42.56458 2077.000
42.58129 2071.000
42.59800 2063.000
42.61471 2081.000
42.63142 2141.000
42.64814 2120.000
42.66485 2106.000
42.68156 2161.000
42.69827 2147.000
42.71498 2142.000
42.73169 2137.000
42.74840 2169.000
42.76511 2170.000
42.78183 2175.000
42.79854 2185.000
42.81525 2121.000
42.83196 2163.000
42.84867 2201.000
42.86538 2213.000
42.88209 2181.000
42.89880 2251.000
42.91552 2331.000
42.93223 2331.000
42.94894 2474.000
42.96565 2503.000
42.98236 2460.000
42.99907 2619.000
43.01578 2784.000
43.03249 2763.000
43.04921 2965.000
43.06592 2995.000
43.08263 3105.000
43.09934 3380.000
43.11605 3753.000
43.13276 4320.000
43.14947 4872.000
43.16619 5959.000
43.18290 7510.000
43.19961 9994.000
43.21632 13086.000
43.23303 15884.000
43.24974 16616.000
43.26645 16124.000
43.28316 14728.000
43.29988 13028.000
43.31659 11934.000
43.33330 11395.000
43.35001 11091.000
43.36672 10556.000
43.38343 9378.000
43.40014 8296.000
43.41685 6928.000
43.43357 5607.000
43.45028 4563.000
43.46699 3924.000
43.48370 3491.000
43.50041 3282.000
43.51712 3141.000
43.53383 2919.000
43.55054 2811.000
43.56726 2674.000
43.58397 2728.000
43.60068 2674.000
43.61739 2790.000
43.63410 2545.000
43.65081 2695.000
43.66752 2780.000
43.68423 2743.000
43.70095 2709.000
43.71766 2799.000
43.73437 2876.000
43.75108 2995.000
43.76779 2977.000
43.78450 3196.000
43.80121 3267.000
43.81792 3526.000
43.83464 3863.000
43.85135 4437.000
43.86806 5199.000
43.88477 6596.000
43.90148 8482.000
43.91819 10405.000
43.93490 12070.000
43.95161 13332.000
43.96833 13764.000
43.98504 13190.000
44.00175 12283.000
44.01846 11296.000
44.03517 10625.000
44.05188 10137.000
44.06859 9534.000
44.08530 9004.000
44.10202 8164.000
44.11873 7125.000
44.13544 5941.000
44.15215 5071.000
44.16886 4286.000
44.18557 3734.000
44.20228 3432.000
44.21900 3138.000
44.23571 3077.000
44.25242 2853.000
44.26913 2735.000
44.28584 2613.000
44.30255 2643.000
44.31926 2444.000
44.33597 2470.000
44.35269 2467.000
44.36940 2350.000
44.38611 2337.000
44.40282 2376.000
44.41953 2232.000
44.43624 2280.000
44.45295 2287.000
44.46966 2225.000
44.48638 2292.000
44.50309 2217.000
44.51980 2156.000
44.53651 2174.000
44.55322 2182.000
44.56993 2128.000
44.58664 2145.000
44.60335 2167.000
44.62007 2092.000
44.63678 2148.000
44.65349 2081.000
44.67020 2022.000
44.68691 2066.000
44.70362 2100.000
44.72033 2072.000
44.73704 2134.000
44.75376 2055.000
44.77047 2027.000
44.78718 2085.000
44.80389 2119.000
44.82060 2121.000
44.83731 1994.000
44.85402 2097.000
44.87073 2079.000
44.88745 2006.000
44.90416 2065.000
44.92087 2056.000
44.93758 1965.000
44.95429 2096.000
44.97100 1979.000
44.98771 2015.000
45.00442 1987.000
45.02114 2020.000
45.03785 1943.000
45.05456 2065.000
45.07127 2040.000
45.08798 1972.000
45.10469 1996.000
45.12140 2032.000
45.13811 2020.000
45.15483 1970.000
45.17154 1995.000
45.18825 1930.000
45.20496 1949.000
45.22167 1953.000
45.23838 1936.000
45.25509 1999.000
45.27181 1998.000
45.28852 1896.000
45.30523 1965.000
45.32194 1964.000
45.33865 1979.000
45.35536 2027.000
45.37207 1975.000
45.38878 1964.000
45.40550 1906.000
45.42221 1940.000
45.43892 1978.000
45.45563 1905.000
45.47234 1902.000
45.48905 2028.000
45.50576 2019.000
45.52247 1996.000
45.53919 1960.000
45.55590 2026.000
45.57261 2021.000
45.58932 1955.000
45.60603 1913.000
45.62274 1940.000
45.63945 1912.000
45.65616 1914.000
45.67288 1945.000
45.68959 2005.000
45.70630 1834.000
45.72301 1936.000
45.73972 1977.000
45.75643 1889.000
45.77314 1981.000
45.78985 1980.000
45.80657 1937.000
45.82328 1887.000
45.83999 1938.000
45.85670 1994.000
45.87341 1999.000
45.89012 1914.000
45.90683 2051.000
45.92354 1947.000
45.94026 2025.000
45.95697 1899.000
45.97368 1962.000
45.99039 1998.000
46.00710 1988.000
46.02381 1958.000
46.04052 2053.000
46.05723 1979.000
46.07395 1911.000
46.09066 1965.000
46.10737 1925.000
46.12408 1917.000
46.14079 1870.000
46.15750 1928.000
46.17421 1888.000
46.19092 1983.000
46.20764 1912.000
46.22435 1932.000
46.24106 1961.000
46.25777 1939.000
46.27448 1951.000
46.29119 1920.000
46.30790 1888.000
46.32462 1877.000
46.34133 1924.000
46.35804 2001.000
46.37475 1906.000
46.39146 1932.000
46.40817 1973.000
46.42488 1948.000
46.44159 1874.000
46.45831 1969.000
46.47502 1962.000
46.49173 1901.000
46.50844 2002.000
46.52515 1899.000
46.54186 1835.000
46.55857 1976.000
46.57528 1884.000
46.59200 1913.000
46.60871 1897.000
46.62542 1877.000
46.64213 1875.000
46.65884 1873.000
46.67555 1890.000
46.69226 1978.000
46.70897 1950.000
46.72569 1913.000
46.74240 1983.000
46.75911 1887.000
46.77582 1915.000
46.79253 1920.000
46.80924 1885.000
46.82595 1971.000
46.84266 1941.000
46.85938 1893.000
46.87609 1946.000
46.89280 1920.000
46.90951 1896.000
46.92622 1905.000
46.94293 1936.000
46.95964 1912.000
46.97635 1894.000
46.99307 1910.000
47.00978 1981.000
47.02649 1927.000
47.04320 1969.000
47.05991 1870.000
47.07662 1934.000
47.09333 1879.000
47.11004 1961.000
47.12676 1907.000
47.14347 1902.000
47.16018 1960.000
47.17689 1931.000
47.19360 1935.000
47.21031 1872.000
47.22702 1886.000
47.24373 1923.000
47.26045 1900.000
47.27716 1916.000
47.29387 1896.000
47.31058 1852.000
47.32729 1842.000
47.34400 1919.000
47.36071 1967.000
47.37743 1934.000
47.39414 1936.000
47.41085 1854.000
47.42756 1951.000
47.44427 1991.000
47.46098 1980.000
47.47769 1956.000
47.49440 1908.000
47.51112 1846.000
47.52783 1907.000
47.54454 1882.000
47.56125 1866.000
47.57796 1926.000
47.59467 1886.000
47.61138 1928.000
47.62809 1997.000
47.64481 1933.000
47.66152 1836.000
47.67823 1885.000
47.69494 1988.000
47.71165 1868.000
47.72836 1874.000
47.74507 1882.000
47.76178 1843.000
47.77850 1784.000
47.79521 2025.000
47.81192 1927.000
47.82863 2019.000
47.84534 1950.000
47.86205 1842.000
47.87876 1884.000
47.89547 1863.000
47.91219 1887.000
47.92890 1929.000
47.94561 1874.000
47.96232 1921.000
47.97903 1965.000
47.99574 1828.000
48.01245 1919.000
48.02916 1948.000
48.04588 1863.000
48.06259 2049.000
48.07930 1948.000
48.09601 1889.000
48.11272 1956.000
48.12943 1906.000
48.14614 1878.000
48.16285 1872.000
48.17957 1905.000
48.19628 1952.000
48.21299 1833.000
48.22970 1846.000
48.24641 1842.000
48.26312 1950.000
48.27983 1906.000
48.29654 1924.000
48.31326 1951.000
48.32997 1863.000
48.34668 1968.000
48.36339 1929.000
48.38010 1897.000
48.39681 1848.000
48.41352 1919.000
48.43024 1961.000
48.44695 1826.000
48.46366 1894.000
48.48037 1843.000
48.49708 1908.000
48.51379 1861.000
48.53050 1836.000
48.54721 1926.000
48.56393 1857.000
48.58064 1864.000
48.59735 1951.000
48.61406 1936.000
48.63077 1907.000
48.64748 1941.000
48.66419 1884.000
48.68090 1858.000
48.69762 1933.000
48.71433 1864.000
48.73104 1894.000
48.74775 1869.000
48.76446 2000.000
48.78117 1963.000
48.79788 1969.000
48.81459 1965.000
48.83131 1848.000
48.84802 1839.000
48.86473 1902.000
48.88144 1907.000
48.89815 1917.000
48.91486 1973.000
48.93157 1922.000
48.94828 1962.000
48.96500 1803.000
48.98171 1868.000
48.99842 1853.000
49.01513 1958.000
49.03184 1910.000
49.04855 1906.000
49.06526 1894.000
49.08197 1870.000
49.09869 1835.000
49.11540 1902.000
49.13211 1909.000
49.14882 1971.000
49.16553 1951.000
49.18224 1836.000
49.19895 1841.000
49.21566 1864.000
49.23238 1932.000
49.24909 1921.000
49.26580 1834.000
49.28251 1834.000
49.29922 1897.000
49.31593 1859.000
49.33264 1877.000
49.34935 1877.000
49.36607 1906.000
49.38278 1862.000
49.39949 1920.000
49.41620 1788.000
49.43291 1953.000
49.44962 1856.000
49.46633 1980.000
49.48305 1882.000
49.49976 1892.000
49.51647 1923.000
49.53318 1887.000
49.54989 1774.000
49.56660 1888.000
49.58331 1933.000
49.60002 1851.000
49.61674 1862.000
49.63345 1830.000
49.65016 1879.000
49.66687 1931.000
49.68358 1866.000
49.70029 1892.000
49.71700 1867.000
49.73371 1794.000
49.75043 1845.000
49.76714 1845.000
49.78385 1891.000
49.80056 1880.000
49.81727 1917.000
49.83398 1809.000
49.85069 1879.000
49.86740 1912.000
49.88412 1868.000
49.90083 1859.000
49.91754 1896.000
49.93425 1849.000
49.95096 1820.000
49.96767 1851.000
49.98438 1864.000
50.00109 1877.000
50.01781 1915.000
50.03452 1863.000
50.05123 1860.000
50.06794 1955.000
50.08465 1883.000
50.10136 1872.000
50.11807 1807.000
50.13478 1862.000
50.15150 1908.000
50.16821 1899.000
50.18492 1891.000
50.20163 1963.000
50.21834 1877.000
50.23505 1860.000
50.25176 1957.000
50.26847 1914.000
50.28519 1894.000
50.30190 1893.000
50.31861 1919.000
50.33532 1860.000
50.35203 1870.000
50.36874 1839.000
50.38545 1934.000
50.40216 1815.000
50.41888 1859.000
50.43559 1863.000
50.45230 1848.000
50.46901 1952.000
50.48572 1896.000
50.50243 1950.000
50.51914 1862.000
50.53586 1873.000
50.55257 1968.000
50.56928 1872.000
50.58599 1928.000
50.60270 1862.000
50.61941 1864.000
50.63612 1907.000
50.65283 1940.000
50.66955 1859.000
50.68626 1903.000
50.70297 1927.000
50.71968 1880.000
50.73639 1907.000
50.75310 1923.000
50.76981 1906.000
50.78652 1861.000
50.80324 1903.000
50.81995 1831.000
50.83666 1829.000
50.85337 1913.000
50.87008 1884.000
50.88679 1863.000
50.90350 1916.000
50.92021 1886.000
50.93693 1921.000
50.95364 1929.000
50.97035 1917.000
50.98706 1912.000
51.00377 1891.000
51.02048 1849.000
51.03719 1893.000
51.05390 1957.000
51.07062 1828.000
51.08733 1931.000
51.10404 1839.000
51.12075 1931.000
51.13746 1899.000
51.15417 1936.000
51.17088 1809.000
51.18759 1934.000
51.20431 1934.000
51.22102 1940.000
51.23773 1981.000
51.25444 1862.000
51.27115 1828.000
51.28786 1967.000
51.30457 1873.000
51.32128 1845.000
51.33800 1935.000
51.35471 1855.000
51.37142 1893.000
51.38813 1907.000
51.40484 1872.000
51.42155 1867.000
51.43826 1865.000
51.45497 1864.000
51.47169 1884.000
51.48840 1907.000
51.50511 1855.000
51.52182 1941.000
51.53853 1881.000
51.55524 1953.000
51.57195 1863.000
51.58867 1874.000
51.60538 1860.000
51.62209 1825.000
51.63880 1865.000
51.65551 1838.000
51.67222 1874.000
51.68893 1944.000
51.70564 1878.000
51.72236 1807.000
51.73907 1893.000
51.75578 1900.000
51.77249 1915.000
51.78920 1857.000
51.80591 1885.000
51.82262 1943.000
51.83933 1840.000
51.85605 1890.000
51.87276 1863.000
51.88947 1850.000
51.90618 1972.000
51.92289 1823.000
51.93960 1788.000
51.95631 1835.000
51.97302 1835.000
51.98974 1810.000
52.00645 1890.000
52.02316 1819.000
52.03987 1927.000
52.05658 1917.000
52.07329 1882.000
52.09000 1909.000
52.10671 1901.000
52.12343 1944.000
52.14014 1917.000
52.15685 1842.000
52.17356 1937.000
52.19027 1850.000
52.20698 1907.000
52.22369 1798.000
52.24040 1890.000
52.25712 1828.000
52.27383 1864.000
52.29054 1869.000
52.30725 1853.000
52.32396 1858.000
52.34067 1894.000
52.35738 1899.000
52.37409 1839.000
52.39081 1919.000
52.40752 1808.000
52.42423 1846.000
52.44094 1878.000
52.45765 1905.000
52.47436 1879.000
52.49107 1860.000
52.50778 1877.000
52.52450 1877.000
52.54121 1875.000
52.55792 1841.000
52.57463 1856.000
52.59134 1865.000
52.60805 1863.000
52.62476 1891.000
52.64148 1856.000
52.65819 1838.000
52.67490 1841.000
52.69161 1939.000
52.70832 1813.000
52.72503 1836.000
52.74174 1837.000
52.75845 1854.000
52.77517 1816.000
52.79188 1912.000
52.80859 1845.000
52.82530 1927.000
52.84201 1881.000
52.85872 1850.000
52.87543 1818.000
52.89214 1899.000
52.90886 1831.000
52.92557 1854.000
52.94228 1837.000
52.95899 1839.000
52.97570 1887.000
52.99241 1833.000
53.00912 1893.000
53.02583 1930.000
53.04255 1869.000
53.05926 1920.000
53.07597 1961.000
53.09268 1889.000
53.10939 1819.000
53.12610 1854.000
53.14281 1896.000
53.15952 1842.000
53.17624 1882.000
53.19295 1866.000
53.20966 1781.000
53.22637 1867.000
53.24308 1854.000
53.25979 1907.000
53.27650 1963.000
53.29321 1943.000
53.30993 1913.000
53.32664 1834.000
53.34335 1872.000
53.36006 1905.000
53.37677 1927.000
53.39348 1903.000
53.41019 1893.000
53.42690 1951.000
53.44362 1915.000
53.46033 1922.000
53.47704 1887.000
53.49375 1794.000
53.51046 1881.000
53.52717 1870.000
53.54388 1945.000
53.56059 1933.000
53.57731 1826.000
53.59402 1825.000
53.61073 1867.000
53.62744 1868.000
53.64415 1986.000
53.66086 1915.000
53.67757 1901.000
53.69429 1865.000
53.71100 1883.000
53.72771 1860.000
53.74442 1884.000
53.76113 1900.000
53.77784 1900.000
53.79455 1917.000
53.81126 1886.000
53.82798 1852.000
53.84469 1886.000
53.86140 1923.000
53.87811 1872.000
53.89482 1850.000
53.91153 1913.000
53.92824 1882.000
53.94495 1956.000
53.96167 1906.000
53.97838 1894.000
53.99509 1974.000
54.01180 1971.000
54.02851 1991.000
54.04522 1978.000
54.06193 1882.000
54.07864 1946.000
54.09536 1945.000
54.11207 2002.000
54.12878 1997.000
54.14549 2058.000
54.16220 2034.000
54.17891 2053.000
54.19562 2062.000
54.21233 2224.000
54.22905 2167.000
54.24576 2113.000
54.26247 2166.000
54.27918 2324.000
54.29589 2425.000
54.31260 2608.000
54.32931 2793.000
54.34602 3313.000
54.36274 3902.000
54.37945 4447.000
54.39616 5218.000
54.41287 5389.000
54.42958 5438.000
54.44629 5294.000
54.46300 4902.000
54.47971 4514.000
54.49643 4340.000
54.51314 4113.000
54.52985 4132.000
54.54656 4111.000
54.56327 4085.000
54.57998 3961.000
54.59669 3792.000
54.61340 3347.000
54.63012 3093.000
54.64683 2783.000
54.66354 2691.000
54.68025 2586.000
54.69696 2339.000
54.71367 2282.000
54.73038 2101.000
54.74710 2129.000
54.76381 2102.000
54.78052 2078.000
54.79723 2046.000
54.81394 1973.000
54.83065 2001.000
54.84736 2075.000
54.86407 1937.000
54.88079 1921.000
54.89750 1996.000
54.91421 1891.000
54.93092 1935.000
54.94763 1924.000
54.96434 1885.000
54.98105 1821.000
54.99776 1952.000
55.01448 1861.000
55.03119 1913.000
55.04790 1888.000
55.06461 1830.000
55.08132 1997.000
55.09803 1923.000
55.11474 1922.000
55.13145 1952.000
55.14817 1873.000
55.16488 1961.000
55.18159 1878.000
55.19830 1880.000
55.21501 1829.000
55.23172 1872.000
55.24843 1891.000
55.26514 1953.000
55.28186 1884.000
55.29857 1810.000
55.31528 1889.000
55.33199 2032.000
55.34870 1955.000
55.36541 1814.000
55.38212 1840.000
55.39883 1877.000
55.41555 1893.000
55.43226 1808.000
55.44897 1900.000
55.46568 1873.000
55.48239 1892.000
55.49910 1967.000
55.51581 1880.000
55.53252 1845.000
55.54924 1881.000
55.56595 1929.000
55.58266 1900.000
55.59937 1866.000
55.61608 1900.000
55.63279 1922.000
55.64950 1933.000
55.66622 1837.000
55.68293 1814.000
55.69964 1901.000
55.71635 1914.000
55.73306 1864.000
55.74977 1956.000
55.76648 2004.000
55.78319 1928.000
55.79991 1859.000
55.81662 1828.000
55.83333 1930.000
55.85004 1882.000
55.86675 1939.000
55.88346 1904.000
55.90017 1863.000
55.91688 1861.000
55.93360 1929.000
55.95031 1912.000
55.96702 1963.000
55.98373 1882.000
56.00044 1924.000
56.01715 1819.000
56.03386 1916.000
56.05057 1939.000
56.06729 1958.000
56.08400 1907.000
56.10071 1836.000
56.11742 1879.000
56.13413 1877.000
56.15084 1883.000
56.16755 1878.000
56.18426 1828.000
56.20098 1902.000
56.21769 1953.000
56.23440 1983.000
56.25111 1961.000
56.26782 1886.000
56.28453 1858.000
56.30124 1844.000
56.31795 1943.000
56.33467 1916.000
56.35138 1988.000
56.36809 1825.000
56.38480 1850.000
56.40151 1908.000
56.41822 1933.000
56.43493 1937.000
56.45164 1896.000
56.46836 1844.000
56.48507 1943.000
56.50178 1821.000
56.51849 1913.000
56.53520 1863.000
56.55191 1835.000
56.56862 1934.000
56.58533 1927.000
56.60205 1909.000
56.61876 1883.000
56.63547 1894.000
56.65218 1877.000
56.66889 1940.000
56.68560 1900.000
56.70231 1982.000
56.71903 1919.000
56.73574 1956.000
56.75245 1925.000
56.76916 1861.000
56.78587 1903.000
56.80258 1956.000
56.81929 1897.000
56.83600 1899.000
56.85272 1938.000
56.86943 1996.000
56.88614 1930.000
56.90285 1933.000
56.91956 1934.000
56.93627 1967.000
56.95298 1941.000
56.96969 2019.000
56.98641 1981.000
57.00312 1925.000
57.01983 2075.000
57.03654 2073.000
57.05325 1954.000
57.06996 2003.000
57.08667 2235.000
57.10338 2197.000
57.12010 2225.000
57.13681 2538.000
57.15352 2893.000
57.17023 3153.000
57.18694 3416.000
57.20365 3835.000
57.22036 3792.000
57.23707 3805.000
57.25379 3469.000
57.27050 3238.000
57.28721 3152.000
57.30392 2981.000
57.32063 2987.000
57.33734 3118.000
57.35405 3034.000
57.37076 3066.000
57.38748 3095.000
57.40419 2872.000
57.42090 2671.000
57.43761 2414.000
57.45432 2374.000
57.47103 2351.000
57.48774 2237.000
57.50445 2068.000
57.52117 2070.000
57.53788 2019.000
57.55459 2053.000
57.57130 2112.000
57.58801 1991.000
57.60472 1983.000
57.62143 1978.000
57.63814 1969.000
57.65486 1843.000
57.67157 1908.000
57.68828 1968.000
57.70499 2003.000
57.72170 1940.000
57.73841 1896.000
57.75512 1832.000
57.77184 1894.000
57.78855 1923.000
57.80526 1902.000
57.82197 1943.000
57.83868 1921.000
57.85539 1821.000
57.87210 1925.000
57.88881 1834.000
57.90553 1910.000
57.92224 1913.000
57.93895 1855.000
57.95566 1890.000
57.97237 1882.000
57.98908 1934.000
58.00579 1846.000
58.02250 1882.000
58.03922 1802.000
58.05593 1858.000
58.07264 1967.000
58.08935 1922.000
58.10606 1939.000
58.12277 1908.000
58.13948 1884.000
58.15619 1954.000
58.17291 1845.000
58.18962 1869.000
58.20633 1864.000
58.22304 1850.000
58.23975 1879.000
58.25646 1858.000
58.27317 1908.000
58.28988 1816.000
58.30660 1869.000
58.32331 1910.000
58.34002 1873.000
58.35673 1857.000
58.37344 1831.000
58.39015 1917.000
58.40686 1969.000
58.42357 1950.000
58.44029 1883.000
58.45700 1854.000
58.47371 1863.000
58.49042 1897.000
58.50713 1888.000
58.52384 1882.000
58.54055 1916.000
58.55726 1859.000
58.57398 1873.000
58.59069 1938.000
58.60740 1804.000
58.62411 1930.000
58.64082 1845.000
58.65753 1883.000
58.67424 1878.000
58.69095 1893.000
58.70767 1900.000
58.72438 1969.000
58.74109 1998.000
58.75780 1920.000
58.77451 1880.000
58.79122 1807.000
58.80793 1889.000
58.82465 1912.000
58.84136 1876.000
58.85807 1921.000
58.87478 1919.000
58.89149 1917.000
58.90820 1973.000
58.92491 1852.000
58.94162 1881.000
58.95834 1893.000
58.97505 1925.000
58.99176 1896.000
59.00847 1904.000
59.02518 1858.000
59.04189 1949.000
59.05860 1878.000
59.07531 1890.000
59.09203 1778.000
59.10874 1880.000
59.12545 1924.000
59.14216 1900.000
59.15887 1949.000
59.17558 2017.000
59.19229 1901.000
59.20900 2003.000
59.22572 1965.000
59.24243 1873.000
59.25914 1898.000
59.27585 2127.000
59.29256 1992.000
59.30927 2016.000
59.32598 1971.000
59.34269 2054.000
59.35941 2038.000
59.37612 1925.000
59.39283 2028.000
59.40954 2072.000
59.42625 2055.000
59.44296 2142.000
59.45967 2075.000
59.47638 2224.000
59.49310 2254.000
59.50981 2247.000
59.52652 2370.000
59.54323 2409.000
59.55994 2703.000
59.57665 3058.000
59.59336 3515.000
59.61007 4299.000
59.62679 4828.000
59.64350 5034.000
59.66021 4915.000
59.67692 4583.000
59.69363 4394.000
59.71034 3931.000
59.72705 3610.000
59.74376 3397.000
59.76048 3438.000
59.77719 3534.000
59.79390 3643.000
59.81061 3812.000
59.82732 3570.000
59.84403 3388.000
59.86074 3050.000
59.87746 2818.000
59.89417 2650.000
59.91088 2508.000
59.92759 2379.000
59.94430 2169.000
59.96101 2198.000
59.97772 2111.000
59.99443 2053.000
60.01115 2065.000
60.02786 1978.000
60.04457 2032.000
60.06128 1921.000
60.07799 1946.000
60.09470 2004.000
60.11141 1954.000
60.12812 1946.000
60.14484 1935.000
60.16155 1924.000
60.17826 1953.000
60.19497 1961.000
60.21168 1917.000
60.22839 1981.000
60.24510 1971.000
60.26181 1883.000
60.27853 1927.000
60.29524 1916.000
60.31195 1964.000
60.32866 1860.000
60.34537 1896.000
60.36208 1877.000
60.37879 2007.000
60.39550 1904.000
60.41222 1902.000
60.42893 1990.000
60.44564 1916.000
60.46235 1892.000
60.47906 1891.000
60.49577 2014.000
60.51248 1912.000
60.52919 1875.000
60.54591 1919.000
60.56262 1832.000
60.57933 1780.000
60.59604 1941.000
60.61275 1830.000
60.62946 1893.000
60.64617 1980.000
60.66288 1884.000
60.67960 1937.000
60.69631 1909.000
60.71302 1884.000
60.72973 1890.000
60.74644 1909.000
60.76315 1941.000
60.77986 1910.000
60.79657 1926.000
60.81329 1865.000
60.83000 1867.000
60.84671 1807.000
60.86342 1885.000
60.88013 1893.000
60.89684 1820.000
60.91355 1944.000
60.93027 1881.000
60.94698 1914.000
60.96369 1922.000
60.98040 1883.000
60.99711 1861.000
61.01382 1878.000
61.03053 1821.000
61.04724 1878.000
61.06396 1896.000
61.08067 1901.000
61.09738 1831.000
61.11409 1862.000
61.13080 1889.000
61.14751 1882.000
61.16422 1960.000
61.18093 1799.000
61.19765 1874.000
61.21436 1893.000
61.23107 1763.000
61.24778 1869.000
61.26449 1904.000
61.28120 1934.000
61.29791 1945.000
61.31462 1981.000
61.33134 1903.000
61.34805 1915.000
61.36476 1928.000
61.38147 1926.000
61.39818 2002.000
61.41489 1898.000
61.43160 1848.000
61.44831 1884.000
61.46503 1863.000
61.48174 1898.000
61.49845 1939.000
61.51516 1880.000
61.53187 1840.000
61.54858 1894.000
61.56529 1931.000
61.58200 1930.000
61.59872 1939.000
61.61543 1906.000
61.63214 1897.000
61.64885 1897.000
61.66556 1906.000
61.68227 1860.000
61.69898 1875.000
61.71569 1882.000
61.73241 1813.000
61.74912 1862.000
61.76583 1986.000
61.78254 1851.000
61.79925 1889.000
61.81596 1843.000
61.83267 1911.000
61.84938 1860.000
61.86610 1899.000
61.88281 1896.000
61.89952 1946.000
61.91623 2003.000
61.93294 1909.000
61.94965 1906.000
61.96636 1870.000
61.98308 1970.000
61.99979 1894.000
62.01650 1968.000
62.03321 1969.000
62.04992 1884.000
62.06663 1937.000
62.08334 1904.000
62.10005 1850.000
62.11677 1860.000
62.13348 1917.000
62.15019 1969.000
62.16690 1856.000
62.18361 1868.000
62.20032 1880.000
62.21703 1944.000
62.23374 1910.000
62.25046 1883.000
62.26717 1948.000
62.28388 1873.000
62.30059 1901.000
62.31730 1932.000
62.33401 1931.000
62.35072 1912.000
62.36743 1876.000
62.38415 1861.000
62.40086 1910.000
62.41757 1950.000
62.43428 1947.000
62.45099 1906.000
62.46770 1930.000
62.48441 1863.000
62.50112 1891.000
62.51784 1974.000
62.53455 1887.000
62.55126 1901.000
62.56797 1811.000
62.58468 1950.000
62.60139 1849.000
62.61810 1928.000
62.63481 1913.000
62.65153 1850.000
62.66824 1889.000
62.68495 1917.000
62.70166 1960.000
62.71837 1924.000
62.73508 1975.000
62.75179 2003.000
62.76850 1866.000
62.78522 1933.000
62.80193 1925.000
62.81864 1944.000
62.83535 1891.000
62.85206 1891.000
62.86877 1933.000
62.88548 1971.000
62.90219 1964.000
62.91891 2016.000
62.93562 1950.000
62.95233 1959.000
62.96904 2025.000
62.98575 1990.000
63.00246 1973.000
63.01917 1948.000
63.03589 1941.000
63.05260 2036.000
63.06931 1973.000
63.08602 2027.000
63.10273 2161.000
63.11944 2022.000
63.13615 2121.000
63.15286 2231.000
63.16958 2073.000
63.18629 2167.000
63.20300 2090.000
63.21971 2058.000
63.23642 2192.000
63.25313 2325.000
63.26984 2468.000
63.28655 2632.000
63.30327 2787.000
63.31998 3276.000
63.33669 3772.000
63.35340 4234.000
63.37011 4627.000
63.38682 4913.000
63.40353 4835.000
63.42024 4870.000
63.43696 4525.000
63.45367 4148.000
63.47038 3777.000
63.48709 3611.000
63.50380 3583.000
63.52051 3587.000
63.53722 3590.000
63.55393 3721.000
63.57065 3715.000
63.58736 3616.000
63.60407 3369.000
63.62078 3265.000
63.63749 3076.000
63.65420 2828.000
63.67091 2625.000
63.68762 2468.000
63.70434 2367.000
63.72105 2322.000
63.73776 2233.000
63.75447 2191.000
63.77118 2055.000
63.78789 2071.000
63.80460 2121.000
63.82131 2030.000
63.83803 2032.000
63.85474 1975.000
63.87145 2032.000
63.88816 1955.000
63.90487 1954.000
63.92158 2012.000
63.93829 1956.000
63.95500 2029.000
63.97172 1894.000
63.98843 1926.000
64.00514 1996.000
64.02185 1979.000
64.03856 1954.000
64.05527 2040.000
64.07198 1965.000
64.08870 1900.000
64.10541 1909.000
64.12212 1924.000
64.13883 1844.000
64.15554 1913.000
64.17225 1933.000
64.18896 1957.000
64.20567 1923.000
64.22239 1997.000
64.23910 1892.000
64.25581 1817.000
64.27252 1938.000
64.28923 1943.000
64.30594 1952.000
64.32265 1923.000
64.33936 1964.000
64.35608 1935.000
64.37279 1950.000
64.38950 1926.000
64.40621 1943.000
64.42292 2041.000
64.43963 1958.000
64.45634 1915.000
64.47305 1887.000
64.48977 1904.000
64.50648 1891.000
64.52319 1907.000
64.53990 1923.000
64.55661 1970.000
64.57332 1931.000
64.59003 2038.000
64.60674 2015.000
64.62346 1969.000
64.64017 1874.000
64.65688 1950.000
64.67359 1919.000
64.69030 1913.000
64.70701 1981.000
64.72372 1892.000
64.74043 1903.000
64.75715 1911.000
64.77386 1877.000
64.79057 1876.000
64.80728 1944.000
64.82399 1926.000
64.84070 1961.000
64.85741 1890.000
64.87412 1867.000
64.89084 1869.000
64.90755 1863.000
64.92426 1970.000
64.94097 1927.000
64.95768 1904.000
64.97439 1870.000
64.99110 1862.000
65.00781 1892.000
65.02453 1854.000
65.04124 1866.000
65.05795 1874.000
65.07466 1836.000
65.09137 1896.000
65.10808 1899.000
65.12479 1874.000
65.14151 1924.000
65.15822 1910.000
65.17493 1882.000
65.19164 1948.000
65.20835 1931.000
65.22506 1909.000
65.24177 1892.000
65.25848 1897.000
65.27520 1937.000
65.29191 1944.000
65.30862 1935.000
65.32533 1943.000
65.34204 1880.000
65.35875 1897.000
65.37546 1901.000
65.39217 1925.000
65.40889 1854.000
65.42560 1900.000
65.44231 1881.000
65.45902 1961.000
65.47573 1858.000
65.49244 1983.000
65.50915 1890.000
65.52586 1925.000
65.54258 1927.000
65.55929 1960.000
65.57600 1911.000
65.59271 1962.000
65.60942 1934.000
65.62613 1893.000
65.64284 1902.000
65.65955 1930.000
65.67627 1802.000
65.69298 1933.000
65.70969 1930.000
65.72640 1835.000
65.74311 1949.000
65.75982 1910.000
65.77653 1924.000
65.79324 1945.000
65.80996 1944.000
65.82667 1950.000
65.84338 1897.000
65.86009 1936.000
65.87680 1855.000
65.89351 1832.000
65.91022 1886.000
65.92693 1906.000
65.94365 1867.000
65.96036 1853.000
65.97707 1947.000
65.99378 1834.000
66.01049 1827.000
66.02720 1924.000
66.04391 1837.000
66.06062 1862.000
66.07734 1947.000
66.09405 1829.000
66.11076 1954.000
66.12747 1875.000
66.14418 1884.000
66.16089 1855.000
66.17760 1930.000
66.19432 1837.000
66.21103 1896.000
66.22774 1863.000
66.24445 1897.000
66.26116 1874.000
66.27787 1915.000
66.29458 1975.000
66.31129 1856.000
66.32801 1935.000
66.34472 1819.000
66.36143 1807.000
66.37814 1934.000
66.39485 1860.000
66.41156 1926.000
66.42827 1882.000
66.44498 1901.000
66.46170 1900.000
66.47841 1956.000
66.49512 1933.000
66.51183 1924.000
66.52854 1865.000
66.54525 1791.000
66.56196 1840.000
66.57867 1897.000
66.59539 1930.000
66.61210 2038.000
66.62881 1954.000
66.64552 1866.000
66.66223 2010.000
66.67894 1771.000
66.69565 1914.000
66.71236 1928.000
66.72908 1906.000
66.74579 1860.000
66.76250 1845.000
66.77921 1878.000
66.79592 1877.000
66.81263 1946.000
66.82934 1837.000
66.84605 1827.000
66.86277 1860.000
66.87948 1986.000
66.89619 1983.000
66.91290 1892.000
66.92961 1818.000
66.94632 1940.000
66.96303 1892.000
66.97974 1931.000
66.99646 1857.000
67.01317 1965.000
67.02988 1869.000
67.04659 1943.000
67.06330 1898.000
67.08001 1868.000
67.09672 1997.000
67.11343 1793.000
67.13015 1929.000
67.14686 1851.000
67.16357 1873.000
67.18028 1910.000
67.19699 1944.000
67.21370 1961.000
67.23041 1949.000
67.24713 2009.000
67.26384 1851.000
67.28055 1849.000
67.29726 1993.000
67.31397 1855.000
67.33068 2004.000
67.34739 1945.000
67.36410 1874.000
67.38082 1829.000
67.39753 1881.000
67.41424 1843.000
67.43095 1927.000
67.44766 1967.000
67.46437 1840.000
67.48108 1883.000
67.49779 1868.000
67.51451 1876.000
67.53122 1891.000
67.54793 1878.000
67.56464 1912.000
67.58135 1911.000
67.59806 1873.000
67.61477 1958.000
67.63148 1933.000
67.64820 1956.000
67.66491 1985.000
67.68162 1952.000
67.69833 1861.000
67.71504 1984.000
67.73175 1873.000
67.74846 1897.000
67.76517 1896.000
67.78189 1972.000
67.79860 1910.000
67.81531 1927.000
67.83202 1944.000
67.84873 1879.000
67.86544 1875.000
67.88215 1851.000
67.89886 1840.000
67.91558 1940.000
67.93229 1882.000
67.94900 1890.000
67.96571 1904.000
67.98242 1915.000
67.99913 1934.000
68.01584 1971.000
68.03255 2034.000
68.04927 1919.000
68.06598 1890.000
68.08269 1940.000
68.09940 1867.000
68.11611 1920.000
68.13282 1890.000
68.14953 2004.000
68.16624 1892.000
68.18296 1913.000
68.19967 1899.000
68.21638 1881.000
68.23309 1926.000
68.24980 1889.000
68.26651 1869.000
68.28322 1890.000
68.29994 1911.000
68.31665 1990.000
68.33336 1969.000
68.35007 1865.000
68.36678 1931.000
68.38349 1888.000
68.40020 1860.000
68.41691 1873.000
68.43363 1934.000
68.45034 1855.000
68.46705 2002.000
68.48376 1945.000
68.50047 1929.000
68.51718 1965.000
68.53389 1878.000
68.55060 1840.000
68.56732 1954.000
68.58403 1896.000
68.60074 1931.000
68.61745 1973.000
68.63416 1852.000
68.65087 1946.000
68.66758 1986.000
68.68429 1955.000
68.70101 1906.000
68.71772 1904.000
68.73443 1902.000
68.75114 1829.000
68.76785 1963.000
68.78456 1995.000
68.80127 1961.000
68.81798 1921.000
68.83470 1960.000
68.85141 1946.000
68.86812 1999.000
68.88483 1869.000
68.90154 1974.000
68.91825 1908.000
68.93496 1930.000
68.95167 1952.000
68.96839 1914.000
68.98510 1943.000
69.00181 1922.000
69.01852 1953.000
69.03523 1828.000
69.05194 1944.000
69.06865 1899.000
69.08536 1955.000
69.10208 1943.000
69.11879 1886.000
69.13550 1974.000
69.15221 1822.000
69.16892 1914.000
69.18563 1923.000
69.20234 1973.000
69.21905 1928.000
69.23577 1977.000
69.25248 1937.000
69.26919 1876.000
69.28590 1957.000
69.30261 1892.000
69.31932 1940.000
69.33603 1894.000
69.35275 1957.000
69.36946 1890.000
69.38617 1932.000
69.40288 1976.000
69.41959 1923.000
69.43630 1894.000
69.45301 1978.000
69.46972 1900.000
69.48644 1974.000
69.50315 1930.000
69.51986 1851.000
69.53657 1954.000
69.55328 1968.000
69.56999 1970.000
69.58670 1916.000
69.60341 2006.000
69.62013 1921.000
69.63684 1985.000
69.65355 1993.000
69.67026 1992.000
69.68697 1893.000
69.70368 1921.000
69.72039 1956.000
69.73710 1941.000
69.75382 2026.000
69.77053 1984.000
69.78724 1988.000
69.80395 1964.000
69.82066 1947.000
69.83737 1875.000
69.85408 1940.000
69.87079 1896.000
69.88751 1936.000
69.90422 1970.000
69.92093 1859.000
69.93764 1986.000
69.95435 1982.000
69.97106 1887.000
69.98777 1957.000
70.00448 1936.000
70.02120 1917.000
70.03791 1951.000
70.05462 1946.000
70.07133 2002.000
70.08804 1935.000
70.10475 1962.000
70.12146 1896.000
70.13817 1880.000
70.15489 1912.000
70.17160 1995.000
70.18831 1992.000
70.20502 1971.000
70.22173 1901.000
70.23844 1977.000
70.25515 1948.000
70.27186 1935.000
70.28858 1945.000
70.30529 1927.000
70.32200 1915.000
70.33871 1970.000
70.35542 1900.000
70.37213 1952.000
70.38884 1884.000
70.40556 1887.000
70.42227 2023.000
70.43898 1889.000
70.45569 1955.000
70.47240 1897.000
70.48911 1912.000
70.50582 1879.000
70.52253 1897.000
70.53925 1920.000
70.55596 1910.000
70.57267 1980.000
70.58938 1935.000
70.60609 1946.000
70.62280 1979.000
70.63951 1884.000
70.65622 1888.000
70.67294 1888.000
70.68965 1845.000
70.70636 1929.000
70.72307 1931.000
70.73978 1876.000
70.75649 1999.000
70.77320 2019.000
70.78991 1925.000
70.80663 1921.000
70.82334 1978.000
70.84005 1919.000
70.85676 1948.000
70.87347 1982.000
70.89018 1952.000
70.90689 1893.000
70.92360 1843.000
70.94032 1987.000
70.95703 1974.000
70.97374 1841.000
70.99045 1932.000
71.00716 1894.000
71.02387 1925.000
71.04058 1955.000
71.05729 1978.000
71.07401 1974.000
71.09072 1886.000
71.10743 1922.000
71.12414 1961.000
71.14085 1958.000
71.15756 1941.000
71.17427 1862.000
71.19098 1917.000
71.20770 1957.000
71.22441 1913.000
71.24112 1943.000
71.25783 1984.000
71.27454 2030.000
71.29125 2059.000
71.30796 1939.000
71.32467 2020.000
71.34139 1955.000
71.35810 2028.000
71.37481 1952.000
71.39152 1968.000
71.40823 1950.000
71.42494 1959.000
71.44165 1910.000
71.45837 1972.000
71.47508 1905.000
71.49179 1983.000
71.50850 2045.000
71.52521 1947.000
71.54192 1844.000
71.55863 1936.000
71.57534 1962.000
71.59206 1904.000
71.60877 2004.000
71.62548 1933.000
71.64219 1913.000
71.65890 2031.000
71.67561 2027.000
71.69232 2031.000
71.70903 1978.000
71.72575 2050.000
71.74246 1938.000
71.75917 1954.000
71.77588 1838.000
71.79259 1878.000
71.80930 2003.000
71.82601 2050.000
71.84272 1958.000
71.85944 2053.000
71.87615 2022.000
71.89286 2012.000
71.90957 2014.000
71.92628 2000.000
71.94299 2020.000
71.95970 1988.000
71.97641 1965.000
71.99313 2044.000
72.00984 1956.000
72.02655 1958.000
72.04326 2011.000
72.05997 2028.000
72.07668 2009.000
72.09339 2043.000
72.11010 2055.000
72.12682 2075.000
72.14353 2023.000
72.16024 1993.000
72.17695 2118.000
72.19366 2107.000
72.21037 2106.000
72.22708 2136.000
72.24379 2123.000
72.26051 2189.000
72.27722 2081.000
72.29393 2162.000
72.31064 2233.000
72.32735 2366.000
72.34406 2538.000
72.36077 2703.000
72.37749 2891.000
72.39420 3204.000
72.41091 3667.000
72.42762 3970.000
72.44433 4085.000
72.46104 4054.000
72.47775 3939.000
72.49446 3946.000
72.51118 3895.000
72.52789 3636.000
72.54460 3423.000
72.56131 3295.000
72.57802 3195.000
72.59473 3044.000
72.61144 3261.000
72.62815 3317.000
72.64487 3266.000
72.66158 3265.000
72.67829 3206.000
72.69500 3044.000
72.71171 3051.000
72.72842 2960.000
72.74513 2732.000
72.76184 2664.000
72.77856 2539.000
72.79527 2434.000
72.81198 2415.000
72.82869 2248.000
72.84540 2350.000
72.86211 2199.000
72.87882 2318.000
72.89553 2143.000
72.91225 2161.000
72.92896 2141.000
72.94567 2045.000
72.96238 2053.000
72.97909 2107.000
72.99580 2103.000
73.01251 2052.000
73.02922 2016.000
73.04594 2123.000
73.06265 2044.000
73.07936 2113.000
73.09607 2051.000
73.11278 2113.000
73.12949 2066.000
73.14620 2002.000
73.16291 2138.000
73.17963 2041.000
73.19634 2057.000
73.21305 2090.000
73.22976 2174.000
73.24647 2236.000
73.26318 2350.000
73.27989 2268.000
73.29660 2366.000
73.31332 2647.000
73.33003 2896.000
73.34674 2895.000
73.36345 2779.000
73.38016 2815.000
73.39687 2678.000
73.41358 2595.000
73.43030 2364.000
73.44701 2469.000
73.46372 2381.000
73.48043 2267.000
73.49714 2256.000
73.51385 2396.000
73.53056 2324.000
73.54727 2444.000
73.56399 2458.000
73.58070 2540.000
73.59741 2376.000
73.61412 2401.000
73.63083 2209.000
73.64754 2201.000
73.66425 2175.000
73.68096 2184.000
73.69768 2088.000
73.71439 2036.000
73.73110 2023.000
73.74781 1988.000
73.76452 2010.000
73.78123 1997.000
73.79794 2000.000
73.81465 2068.000
73.83137 1950.000
73.84808 1916.000
73.86479 1997.000
73.88150 2017.000
73.89821 2004.000
73.91492 2032.000
73.93163 1916.000
73.94834 1950.000
73.96506 2029.000
73.98177 1937.000
73.99848 2039.000
74.01519 2029.000
74.03190 2054.000
74.04861 2005.000
74.06532 1972.000
74.08203 2006.000
74.09875 1999.000
74.11546 1978.000
74.13217 2024.000
74.14888 1996.000
74.16559 1970.000
74.18230 2032.000
74.19901 2048.000
74.21572 1887.000
74.23244 2041.000
74.24915 1993.000
74.26586 2045.000
74.28257 1997.000
74.29928 1907.000
74.31599 1995.000
74.33270 1952.000
74.34941 2043.000
74.36613 1981.000
74.38284 1972.000
74.39955 2028.000
74.41626 1992.000
74.43297 1902.000
74.44968 1975.000
74.46639 1936.000
74.48311 1938.000
74.49982 1958.000
74.51653 1982.000
74.53324 1943.000
74.54995 1980.000
74.56666 1928.000
74.58337 1947.000
74.60008 1986.000
74.61680 1979.000
74.63351 1947.000
74.65022 2035.000
74.66693 1885.000
74.68364 1981.000
74.70035 1959.000
74.71706 2000.000
74.73377 1954.000
74.75049 1960.000
74.76720 1898.000
74.78391 1927.000
74.80062 1932.000
74.81733 2005.000
74.83404 2052.000
74.85075 1929.000
74.86746 1954.000
74.88418 1954.000
74.90089 1991.000
74.91760 1948.000
74.93431 2002.000
74.95102 1968.000
74.96773 1930.000
74.98444 1977.000
75.00115 1970.000
75.01787 1867.000
75.03458 1897.000
75.05129 2027.000
75.06800 2014.000
75.08471 1978.000
75.10142 1953.000
75.11813 1854.000
75.13484 1953.000
75.15156 1935.000
75.16827 1998.000
75.18498 1958.000
75.20169 1828.000
75.21840 2106.000
75.23511 1889.000
75.25182 1902.000
75.26853 2023.000
75.28525 1916.000
75.30196 2007.000
75.31867 1933.000
75.33538 1905.000
75.35209 2019.000
75.36880 2002.000
75.38551 1982.000
75.40222 2004.000
75.41894 1910.000
75.43565 1963.000
75.45236 1975.000
75.46907 1971.000
75.48578 1970.000
75.50249 1995.000
75.51920 1968.000
75.53592 1945.000
75.55263 1940.000
75.56934 1926.000
75.58605 1991.000
75.60276 1941.000
75.61947 1988.000
75.63618 1952.000
75.65289 1955.000
75.66961 1990.000
75.68632 2074.000
75.70303 1884.000
75.71974 1975.000
75.73645 1972.000
75.75316 1946.000
75.76987 1970.000
75.78658 1996.000
75.80330 1978.000
75.82001 1924.000
75.83672 1985.000
75.85343 1963.000
75.87014 2023.000
75.88685 1953.000
75.90356 1945.000
75.92027 1884.000
75.93699 2031.000
75.95370 2018.000
75.97041 1901.000
75.98712 1908.000
76.00383 1911.000
76.02054 1932.000
76.03725 1957.000
76.05396 1977.000
76.07068 1961.000
76.08739 1995.000
76.10410 2106.000
76.12081 1950.000
76.13752 2030.000
76.15423 1944.000
76.17094 1992.000
76.18765 1979.000
76.20437 1975.000
76.22108 1931.000
76.23779 1924.000
76.25450 2003.000
76.27121 2010.000
76.28792 1934.000
76.30463 1999.000
76.32134 2040.000
76.33806 1928.000
76.35477 1902.000
76.37148 2017.000
76.38819 1937.000
76.40490 1964.000
76.42161 1977.000
76.43832 2002.000
76.45503 1975.000
76.47175 2033.000
76.48846 2014.000
76.50517 1928.000
76.52188 2050.000
76.53859 2030.000
76.55530 1913.000
76.57201 1982.000
76.58873 2052.000
76.60544 2007.000
76.62215 1935.000
76.63886 1975.000
76.65557 2008.000
76.67228 2036.000
76.68899 2048.000
76.70570 1913.000
76.72242 2007.000
76.73913 2003.000
76.75584 2025.000
76.77255 2052.000
76.78926 2033.000
76.80597 2055.000
76.82268 2080.000
76.83939 2103.000
76.85611 2042.000
76.87282 2131.000
76.88953 2104.000
76.90624 2199.000
76.92295 2333.000
76.93966 2340.000
76.95637 2522.000
76.97308 2627.000
76.98980 2809.000
77.00651 2823.000
77.02322 2799.000
77.03993 2796.000
77.05664 2739.000
77.07335 2729.000
77.09006 2590.000
77.10677 2503.000
77.12349 2435.000
77.14020 2441.000
77.15691 2352.000
77.17362 2361.000
77.19033 2469.000
77.20704 2379.000
77.22375 2443.000
77.24046 2356.000
77.25718 2398.000
77.27389 2375.000
77.29060 2341.000
77.30731 2339.000
77.32402 2245.000
77.34073 2192.000
77.35744 2114.000
77.37415 2190.000
77.39087 2109.000
77.40758 2035.000
77.42429 2122.000
77.44100 2036.000
77.45771 2030.000
77.47442 2101.000
77.49113 2008.000
77.50784 2055.000
77.52456 1994.000
77.54127 2054.000
77.55798 1945.000
77.57469 2047.000
77.59140 2077.000
77.60811 2028.000
77.62482 1981.000
77.64154 1958.000
77.65825 2001.000
77.67496 2000.000
77.69167 2027.000
77.70838 2014.000
77.72509 2069.000
77.74180 2030.000
77.75851 2018.000
77.77523 1910.000
77.79194 2087.000
77.80865 2011.000
77.82536 1949.000
77.84207 2064.000
77.85878 2034.000
77.87549 1999.000
77.89220 2003.000
77.90892 1899.000
77.92563 2028.000
77.94234 1956.000
77.95905 2070.000
77.97576 1949.000
77.99247 1925.000
78.00918 1922.000
78.02589 2026.000
78.04261 1973.000
78.05932 2106.000
78.07603 2030.000
78.09274 2022.000
78.10945 1990.000
78.12616 2022.000
78.14287 1975.000
78.15958 1978.000
78.17630 1988.000
78.19301 1971.000
78.20972 2043.000
78.22643 2064.000
78.24314 2093.000
78.25985 2030.000
78.27656 1928.000
78.29327 1932.000
78.30999 2004.000
78.32670 2007.000
78.34341 2003.000
78.36012 1988.000
78.37683 1959.000
78.39354 2020.000
78.41025 1932.000
78.42696 1939.000
78.44368 1995.000
78.46039 1977.000
78.47710 1959.000
78.49381 1961.000
78.51052 2031.000
78.52723 2031.000
78.54394 1972.000
78.56065 2023.000
78.57737 1904.000
78.59408 2043.000
78.61079 1971.000
78.62750 2054.000
78.64421 1999.000
78.66092 1931.000
78.67763 1991.000
78.69435 1988.000
78.71106 1981.000
78.72777 2002.000
78.74448 2028.000
78.76119 2053.000
78.77790 1916.000
78.79461 2030.000
78.81132 1977.000
78.82804 1984.000
78.84475 2059.000
78.86146 1962.000
78.87817 1958.000
78.89488 2017.000
78.91159 2074.000
78.92830 2073.000
78.94501 1997.000
78.96173 1996.000
78.97844 1958.000
78.99515 2082.000
79.01186 2010.000
79.02857 2107.000
79.04528 2038.000
79.06199 1955.000
79.07870 2010.000
79.09542 2079.000
79.11213 2015.000
79.12884 1964.000
79.14555 2106.000
79.16226 1979.000
79.17897 2053.000
79.19568 2035.000
79.21239 2033.000
79.22911 2054.000
79.24582 2040.000
79.26253 2015.000
79.27924 1948.000
79.29595 1996.000
79.31266 1932.000
79.32937 2006.000
79.34608 1928.000
79.36280 2003.000
79.37951 1924.000
79.39622 1987.000
79.41293 2054.000
79.42964 2008.000
79.44635 2011.000
79.46306 2036.000
79.47977 1945.000
79.49649 2075.000
79.51320 2078.000
79.52991 1926.000
79.54662 2016.000
79.56333 1930.000
79.58004 2010.000
79.59675 2010.000
79.61346 2000.000
79.63018 2032.000
79.64689 2000.000
79.66360 2088.000
79.68031 2066.000
79.69702 2114.000
79.71373 2049.000
79.73044 2053.000
79.74716 2011.000
79.76387 2028.000
79.78058 2005.000
79.79729 2101.000
79.81400 2035.000
79.83071 2056.000
79.84742 2097.000
79.86413 2040.000
79.88085 2106.000
79.89756 2194.000
79.91427 2078.000
79.93098 2074.000
79.94769 2095.000
79.96440 2159.000
79.98111 2119.000
79.99782 2170.000
80.01454 2119.000
80.03125 2103.000
80.04796 2212.000
80.06467 2142.000
80.08138 2206.000
80.09809 2245.000
80.11480 2131.000
80.13151 2191.000
80.14823 2208.000
80.16494 2333.000
80.18165 2328.000
80.19836 2408.000
80.21507 2480.000
80.23178 2529.000
80.24849 2641.000
80.26520 2856.000
80.28192 3083.000
80.29863 3491.000
80.31534 3803.000
80.33205 4154.000
80.34876 4353.000
80.36547 4369.000
80.38218 4392.000
80.39889 4338.000
80.41561 4185.000
80.43232 3896.000
80.44903 3835.000
80.46574 3634.000
80.48245 3372.000
80.49916 3334.000
80.51587 3262.000
80.53258 3276.000
80.54930 3390.000
80.56601 3381.000
80.58272 3446.000
80.59943 3509.000
80.61614 3358.000
80.63285 3327.000
80.64956 3255.000
80.66627 3252.000
80.68299 3190.000
80.69970 3114.000
80.71641 2968.000
80.73312 2993.000
80.74983 2944.000
80.76654 3028.000
80.78325 2957.000
80.79997 3025.000
80.81668 2990.000
80.83339 3173.000
80.85010 3119.000
80.86681 3225.000
80.88352 3169.000
80.90023 3072.000
80.91694 3067.000
80.93366 2988.000
80.95037 3022.000
80.96708 2906.000
80.98379 2796.000
81.00050 2823.000
81.01721 2763.000
81.03392 2744.000
81.05063 2748.000
81.06735 2595.000
81.08406 2703.000
81.10077 2569.000
81.11748 2560.000
81.13419 2559.000
81.15090 2549.000
81.16761 2571.000
81.18432 2472.000
81.20104 2442.000
81.21775 2391.000
81.23446 2400.000
81.25117 2377.000
81.26788 2254.000
81.28459 2263.000
81.30130 2257.000
81.31801 2144.000
81.33473 2139.000
81.35144 2146.000
81.36815 2146.000
81.38486 2157.000
81.40157 2039.000
81.41828 2113.000
81.43499 2207.000
81.45170 2057.000
81.46842 2074.000
81.48513 2097.000
81.50184 2090.000
81.51855 2063.000
81.53526 2062.000
81.55197 2129.000
81.56868 2062.000
81.58539 2043.000
81.60211 2043.000
81.61882 2066.000
81.63553 2056.000
81.65224 1975.000
81.66895 2047.000
81.68566 1960.000
81.70237 2030.000
81.71908 1992.000
81.73580 2114.000
81.75251 2025.000
81.76922 2117.000
81.78593 2044.000
81.80264 2049.000
81.81935 2076.000
81.83606 2071.000
81.85278 2045.000
81.86949 2073.000
81.88620 2081.000
81.90291 2010.000
81.91962 2069.000
81.93633 1999.000
81.95304 2031.000
81.96975 1964.000
81.98647 2003.000
82.00318 2036.000
82.01989 1992.000
82.03660 2051.000
82.05331 1910.000
82.07002 2010.000
82.08673 1971.000
82.10344 2049.000
82.12016 2040.000
82.13687 1969.000
82.15358 2000.000
82.17029 2076.000
82.18700 2077.000
82.20371 2062.000
82.22042 2062.000
82.23713 2050.000
82.25385 2040.000
82.27056 2096.000
82.28727 1996.000
82.30398 2030.000
82.32069 2077.000
82.33740 2059.000
82.35411 2031.000
82.37082 2001.000
82.38754 2010.000
82.40425 1933.000
82.42096 2022.000
82.43767 1993.000
82.45438 1968.000
82.47109 2074.000
82.48780 1978.000
82.50451 1979.000
82.52123 2000.000
82.53794 2054.000
82.55465 1999.000
82.57136 2109.000
82.58807 2006.000
82.60478 2024.000
82.62149 2048.000
82.63820 1996.000
82.65492 1970.000
82.67163 2024.000
82.68834 1932.000
82.70505 2071.000
82.72176 2116.000
82.73847 1999.000
82.75518 1985.000
82.77189 1953.000
82.78861 1897.000
82.80532 2053.000
82.82203 2003.000
82.83874 2018.000
82.85545 1951.000
82.87216 1956.000
82.88887 1868.000
82.90559 1974.000
82.92230 2114.000
82.93901 2051.000
82.95572 2000.000
82.97243 2062.000
82.98914 1986.000
83.00585 1992.000
83.02256 2022.000
83.03928 1962.000
83.05599 2057.000
83.07270 2021.000
83.08941 1973.000
83.10612 2050.000
83.12283 2004.000
83.13954 1960.000
83.15625 2016.000
83.17297 2024.000
83.18968 2044.000
83.20639 1962.000
83.22310 1950.000
83.23981 2041.000
83.25652 2052.000
83.27323 1987.000
83.28994 2031.000
83.30666 2083.000
83.32337 1949.000
83.34008 2068.000
83.35679 1967.000
83.37350 1977.000
83.39021 2033.000
83.40692 2034.000
83.42363 1910.000
83.44035 1921.000
83.45706 2017.000
83.47377 2044.000
83.49048 2105.000
83.50719 2057.000
83.52390 1952.000
83.54061 2069.000
83.55732 1995.000
83.57404 2033.000
83.59075 2004.000
83.60746 2052.000
83.62417 2014.000
83.64088 2059.000
83.65759 1937.000
83.67430 2090.000
83.69101 2009.000
83.70773 1961.000
83.72444 2044.000
83.74115 2056.000
83.75786 1983.000
83.77457 2118.000
83.79128 2072.000
83.80799 2039.000
83.82470 2028.000
83.84142 2050.000
83.85813 2000.000
83.87484 1995.000
83.89155 1975.000
83.90826 2114.000
83.92497 1970.000
83.94168 2029.000
83.95840 2017.000
83.97511 2012.000
83.99182 2011.000
84.00853 1993.000
84.02524 1972.000
84.04195 2054.000
84.05866 1940.000
84.07537 2022.000
84.09209 1976.000
84.10880 1950.000
84.12551 1995.000
84.14222 2055.000
84.15893 1947.000
84.17564 1936.000
84.19235 2001.000
84.20906 2074.000
84.22578 1991.000
84.24249 1987.000
84.25920 2026.000
84.27591 2017.000
84.29262 2025.000
84.30933 2047.000
84.32604 2086.000
84.34275 2114.000
84.35947 1974.000
84.37618 2070.000
84.39289 2082.000
84.40960 2022.000
84.42631 1969.000
84.44302 1963.000
84.45973 2061.000
84.47644 2001.000
84.49316 1978.000
84.50987 2011.000
84.52658 2050.000
84.54329 2016.000
84.56000 2023.000
84.57671 1970.000
84.59342 1929.000
84.61013 1933.000
84.62685 2026.000
84.64356 1976.000
84.66027 2026.000
84.67698 1970.000
84.69369 1983.000
84.71040 2055.000
84.72711 1925.000
84.74382 2087.000
84.76054 2051.000
84.77725 1999.000
84.79396 2008.000
84.81067 1898.000
84.82738 2040.000
84.84409 2121.000
84.86080 1931.000
84.87751 2039.000
84.89423 2016.000
84.91094 2071.000
84.92765 2000.000
84.94436 2011.000
84.96107 2034.000
84.97778 2057.000
84.99449 1932.000
85.01121 2062.000
85.02792 2005.000
85.04463 2038.000
85.06134 1944.000
85.07805 2093.000
85.09476 2087.000
85.11147 2012.000
85.12818 1971.000
85.14490 2030.000
85.16161 1968.000
85.17832 2070.000
85.19503 1948.000
85.21174 2079.000
85.22845 2025.000
85.24516 2014.000
85.26187 2056.000
85.27859 2096.000
85.29530 1978.000
85.31201 2016.000
85.32872 2003.000
85.34543 1951.000
85.36214 1931.000
85.37885 2186.000
85.39556 1983.000
85.41228 2055.000
85.42899 2017.000
85.44570 2009.000
85.46241 2102.000
85.47912 2005.000
85.49583 2047.000
85.51254 2001.000
85.52925 2098.000
85.54597 2056.000
85.56268 2055.000
85.57939 1980.000
85.59610 2020.000
85.61281 2029.000
85.62952 2015.000
85.64623 1953.000
85.66294 2079.000
85.67966 2005.000
85.69637 2021.000
85.71308 1986.000
85.72979 2044.000
85.74650 2017.000
85.76321 2021.000
85.77992 2051.000
85.79663 1974.000
85.81335 2061.000
85.83006 2000.000
85.84677 2025.000
85.86348 1969.000
85.88019 1996.000
85.89690 2002.000
85.91361 2034.000
85.93032 1994.000
85.94704 1983.000
85.96375 2056.000
85.98046 2051.000
85.99717 2006.000
86.01388 1928.000
86.03059 2026.000
86.04730 2041.000
86.06402 2019.000
86.08073 2059.000
86.09744 2047.000
86.11415 2006.000
86.13086 1982.000
86.14757 2027.000
86.16428 1984.000
86.18099 2064.000
86.19771 2035.000
86.21442 2027.000
86.23113 2105.000
86.24784 2015.000
86.26455 2028.000
86.28126 2073.000
86.29797 2072.000
86.31468 2055.000
86.33140 1985.000
86.34811 2012.000
86.36482 2008.000
86.38153 2023.000
86.39824 2019.000
86.41495 2031.000
86.43166 2082.000
86.44837 1971.000
86.46509 2046.000
86.48180 2048.000
86.49851 1981.000
86.51522 2033.000
86.53193 2008.000
86.54864 1980.000
86.56535 2008.000
86.58206 2056.000
86.59878 2061.000
86.61549 1996.000
86.63220 1974.000
86.64891 2058.000
86.66562 2052.000
86.68233 1960.000
86.69904 2090.000
86.71575 2064.000
86.73247 2055.000
86.74918 2098.000
86.76589 2044.000
86.78260 2041.000
86.79931 2017.000
86.81602 2044.000
86.83273 2079.000
86.84944 1995.000
86.86616 2091.000
86.88287 2089.000
86.89958 2042.000
86.91629 1982.000
86.93300 1978.000
86.94971 1929.000
86.96642 2098.000
86.98313 2101.000
86.99985 2029.000
87.01656 2024.000
87.03327 2101.000
87.04998 2137.000
87.06669 2083.000
87.08340 2074.000
87.10011 2035.000
87.11683 2094.000
87.13354 1939.000
87.15025 2019.000
87.16696 2074.000
87.18367 2002.000
87.20038 2054.000
87.21709 1982.000
87.23380 2016.000
87.25052 2029.000
87.26723 2039.000
87.28394 2025.000
87.30065 1948.000
87.31736 2041.000
87.33407 2050.000
87.35078 2017.000
87.36749 2080.000
87.38421 2030.000
87.40092 2056.000
87.41763 2023.000
87.43434 1978.000
87.45105 2103.000
87.46776 2038.000
87.48447 2075.000
87.50118 1996.000
87.51790 1997.000
87.53461 1988.000
87.55132 2066.000
87.56803 2040.000
87.58474 1992.000
87.60145 1960.000
87.61816 2008.000
87.63487 2028.000
87.65159 1950.000
87.66830 2078.000
87.68501 1957.000
87.70172 1952.000
87.71843 1990.000
87.73514 2034.000
87.75185 1936.000
87.76856 2041.000
87.78528 2107.000
87.80199 2042.000
87.81870 1984.000
87.83541 1997.000
87.85212 2100.000
87.86883 2036.000
87.88554 2100.000
87.90225 2043.000
87.91897 1938.000
87.93568 2052.000
87.95239 2078.000
87.96910 2071.000
87.98581 1998.000
88.00252 2077.000
88.01923 2041.000
88.03594 2071.000
88.05266 2010.000
88.06937 2000.000
88.08608 1944.000
88.10279 2075.000
88.11950 2087.000
88.13621 2006.000
88.15292 2000.000
88.16964 1986.000
88.18635 2040.000
88.20306 1943.000
88.21977 2021.000
88.23648 2041.000
88.25319 2046.000
88.26990 2008.000
88.28661 2072.000
88.30333 1994.000
88.32004 1971.000
88.33675 1958.000
88.35346 2043.000
88.37017 2097.000
88.38688 2006.000
88.40359 2045.000
88.42030 1960.000
88.43702 2101.000
88.45373 1940.000
88.47044 2082.000
88.48715 2085.000
88.50386 1998.000
88.52057 1946.000
88.53728 2067.000
88.55399 2056.000
88.57071 2010.000
88.58742 2057.000
88.60413 2138.000
88.62084 2068.000
88.63755 2000.000
88.65426 2094.000
88.67097 2133.000
88.68768 2003.000
88.70440 2019.000
88.72111 2160.000
88.73782 2033.000
88.75453 2036.000
88.77124 2151.000
88.78795 2042.000
88.80466 2078.000
88.82137 2110.000
88.83809 2058.000
88.85480 2078.000
88.87151 2074.000
88.88822 2082.000
88.90493 2055.000
88.92164 2075.000
88.93835 2103.000
88.95506 2068.000
88.97178 2140.000
88.98849 2003.000
89.00520 1996.000
89.02191 2054.000
89.03862 2050.000
89.05533 2116.000
89.07204 2090.000
89.08876 2112.000
89.10547 2181.000
89.12218 2074.000
89.13889 2175.000
89.15560 2150.000
89.17231 2040.000
89.18902 2101.000
89.20573 2036.000
89.22245 2142.000
89.23916 2153.000
89.25587 2166.000
89.27258 2109.000
89.28929 2107.000
89.30600 2134.000
89.32271 2256.000
89.33942 2104.000
89.35614 2174.000
89.37285 2193.000
89.38956 2145.000
89.40627 2197.000
89.42298 2199.000
89.43969 2292.000
89.45640 2401.000
89.47311 2359.000
89.48983 2290.000
89.50654 2389.000
89.52325 2506.000
89.53996 2624.000
89.55667 2732.000
89.57338 2841.000
89.59009 3168.000
89.60680 3425.000
89.62352 3788.000
89.64023 4091.000
89.65694 4091.000
89.67365 4191.000
89.69036 4271.000
89.70707 4023.000
89.72378 4031.000
89.74049 3945.000
89.75721 3687.000
89.77392 3468.000
89.79063 3211.000
89.80734 3078.000
89.82405 2927.000
89.84076 2922.000
89.85747 2886.000
89.87418 3030.000
89.89090 3056.000
89.90761 3146.000
89.92432 3339.000
89.94103 3272.000
89.95774 3293.000
89.97445 3158.000
89.99116 3107.000
